0 0.515 0.232 0.068 0.098
0 0.661 0.2605 0.052 0.077
0 0.9255 0.106 0.061 0.088
0 0.9665 0.329 0.051 0.098
0 0.9855 0.605 0.027 0.092
0 0.592 0.5675 0.05 0.111
0 0.545 0.558 0.052 0.092
0 0.497 0.5425 0.052 0.099
0 0.449 0.5235 0.054 0.097
0 0.394 0.5175 0.054 0.087
0 0.347 0.502 0.052 0.092
0 0.2995 0.4885 0.055 0.109
0 0.2455 0.482 0.055 0.092
0 0.207 0.458 0.058 0.104
0 0.157 0.458 0.056 0.11
0 0.1065 0.4615 0.051 0.091
1 0.322 0.3325 0.15 0.197
1 0.412 0.1135 0.304 0.227
1 0.744 0.6505 0.21 0.297
1 0.726 0.961 0.252 0.068
1 0.903 0.792 0.148 0.184
1 0.1475 0.877 0.101 0.156
1 0.286 0.575 0.086 0.158
