0 0.731 0.0855 0.062 0.085
0 0.59 0.0905 0.068 0.085
0 0.661 0.2175 0.048 0.059
0 0.639 0.0185 0.042 0.033
0 0.612 0.2955 0.068 0.081
0 0.5595 0.388 0.075 0.096
0 0.3945 0.457 0.077 0.086
0 0.343 0.539 0.068 0.074
0 0.4485 0.5895 0.073 0.097
0 0.3925 0.683 0.077 0.092
0 0.2855 0.6375 0.071 0.077
0 0.2325 0.728 0.065 0.08
0 0.2925 0.856 0.073 0.094
0 0.109 0.936 0.076 0.096
1 0.619 0.807 0.14 0.186
1 0.5375 0.6205 0.213 0.263
1 0.641 0.411 0.102 0.156
1 0.835 0.0985 0.22 0.197
1 0.4635 0.8795 0.101 0.083
1 0.35 0.919 0.292 0.152
1 0.1115 0.842 0.117 0.146
1 0.291 0.4885 0.262 0.275
1 0.9625 0.72 0.073 0.178
1 0.4595 0.1565 0.205 0.189
