0 0.1595 0.396 0.049 0.066
0 0.309 0.4165 0.046 0.061
0 0.418 0.43 0.038 0.054
0 0.218 0.1885 0.09 0.071
0 0.271 0.0445 0.094 0.069
0 0.569 0.0885 0.08 0.045
0 0.565 0.137 0.098 0.046
0 0.558 0.1865 0.094 0.053
0 0.549 0.2355 0.092 0.051
0 0.5475 0.285 0.091 0.048
0 0.7955 0.043 0.041 0.08
0 0.863 0.046 0.048 0.082
0 0.916 0.0485 0.04 0.091
0 0.286 0.0125 0.11 0.021
0 0.8345 0.7515 0.075 0.055
0 0.979 0.5805 0.034 0.089
0 0.8315 0.81 0.085 0.046
0 0.821 0.8975 0.086 0.043
0 0.805 0.973 0.086 0.038
0 0.973 0.8215 0.038 0.089
0 0.9635 0.907 0.043 0.078
