0 0.1375 0.3405 0.057 0.105
0 0.179 0.317 0.042 0.076
0 0.2295 0.3135 0.047 0.099
0 0.228 0.557 0.05 0.084
0 0.268 0.5235 0.046 0.087
0 0.3235 0.5505 0.045 0.077
0 0.4095 0.612 0.053 0.104
0 0.3015 0.63 0.085 0.052
0 0.3055 0.678 0.085 0.052
0 0.311 0.729 0.096 0.054
0 0.6475 0.1125 0.047 0.077
0 0.906 0.055 0.086 0.06
0 0.9105 0.1105 0.095 0.067
1 0.0395 0.337 0.079 0.124
1 0.443 0.168 0.216 0.236
0 0.419 0.247 0.1 0.056
0 0.5425 0.14 0.055 0.098
0 0.7375 0.702 0.109 0.058
0 0.962 0.2755 0.058 0.057
0 0.015 0.32 0.03 0.056
1 0.382 0.5255 0.112 0.159
1 0.496 0.9125 0.196 0.169
1 0.36 0.836 0.094 0.15
1 0.066 0.937 0.092 0.11
1 0.899 0.6845 0.2 0.335
1 0.8065 0.899 0.085 0.1
1 0.6815 0.9385 0.059 0.089
1 0.702 0.799 0.058 0.106
1 0.851 0.765 0.06 0.092
