0 0.1565 0.5575 0.103 0.069
0 0.1565 0.8395 0.053 0.083
0 0.4765 0.5385 0.087 0.061
0 0.481 0.587 0.084 0.054
0 0.496 0.639 0.094 0.05
0 0.5205 0.6955 0.087 0.057
0 0.6395 0.5085 0.055 0.091
0 0.662 0.609 0.054 0.09
0 0.6645 0.6825 0.101 0.067
1 0.1335 0.9 0.249 0.188
1 0.344 0.8705 0.134 0.253
1 0.426 0.6435 0.09 0.235
1 0.7485 0.3945 0.229 0.215
1 0.7205 0.6305 0.111 0.215
1 0.943 0.6215 0.112 0.215
0 0.9015 0.6625 0.041 0.037
1 0.779 0.851 0.44 0.28
1 0.5705 0.129 0.107 0.248
1 0.5345 0.445 0.087 0.112
1 0.3035 0.6075 0.145 0.183
