0 0.474 0.7375 0.076 0.047
0 0.711 0.685 0.098 0.052
0 0.971 0.6245 0.054 0.049
0 0.9105 0.2345 0.049 0.097
0 0.936 0.338 0.048 0.084
0 0.863 0.0405 0.05 0.077
0 0.832 0.7735 0.096 0.059
0 0.648 0.82 0.08 0.048
0 0.474 0.857 0.076 0.048
0 0.357 0.7625 0.076 0.061
0 0.212 0.914 0.09 0.052
0 0.101 0.9405 0.09 0.059
0 0.0225 0.837 0.043 0.048
1 0.1295 0.738 0.259 0.212
1 0.4965 0.6675 0.137 0.197
1 0.684 0.5515 0.212 0.211
0 0.663 0.5245 0.034 0.071
1 0.229 0.3585 0.458 0.711
0 0.3525 0.6415 0.069 0.061
1 0.5755 0.064 0.193 0.118
1 0.8155 0.3645 0.081 0.085
1 0.927 0.4625 0.144 0.253
0 0.913 0.5295 0.08 0.057
1 0.934 0.924 0.112 0.124
1 0.723 0.8735 0.084 0.123
