0 0.0835 0.1915 0.075 0.049
0 0.0645 0.0885 0.057 0.047
0 0.0505 0.0115 0.073 0.023
0 0.3975 0.03 0.079 0.05
0 0.412 0.1355 0.1 0.053
0 0.411 0.187 0.098 0.05
0 0.417 0.2455 0.084 0.057
0 0.428 0.2965 0.084 0.055
0 0.452 0.39 0.066 0.05
0 0.6245 0.205 0.093 0.052
0 0.6345 0.2565 0.075 0.049
0 0.6515 0.358 0.075 0.044
0 0.65 0.409 0.088 0.048
0 0.664 0.457 0.064 0.052
1 0.1315 0.7325 0.263 0.393
1 0.2945 0.932 0.097 0.118
1 0.3675 0.831 0.273 0.286
1 0.613 0.726 0.154 0.266
1 0.907 0.1475 0.184 0.155
