0 0.065 0.138 0.092 0.058
0 0.172 0.1115 0.1 0.065
0 0.2925 0.0695 0.089 0.069
0 0.41 0.045 0.092 0.054
0 0.529 0.0195 0.094 0.035
0 0.58 0.0565 0.1 0.057
0 0.48 0.152 0.102 0.054
0 0.5535 0.2015 0.095 0.061
0 0.3845 0.244 0.103 0.06
0 0.176 0.301 0.076 0.054
0 0.129 0.241 0.092 0.064
0 0.0455 0.3345 0.081 0.051
0 0.976 0.4325 0.042 0.079
1 0.188 0.593 0.376 0.432
1 0.46 0.5295 0.28 0.465
1 0.3565 0.864 0.175 0.218
1 0.561 0.9265 0.106 0.143
0 0.505 0.8415 0.03 0.077
1 0.2445 0.0645 0.179 0.125
1 0.719 0.164 0.062 0.114
