0 0.352 0.3495 0.07 0.073
0 0.4675 0.2515 0.071 0.069
0 0.603 0.116 0.08 0.092
0 0.641 0.078 0.054 0.062
0 0.683 0.0525 0.074 0.075
0 0.7125 0.215 0.087 0.086
0 0.814 0.1105 0.082 0.083
0 0.595 0.313 0.07 0.07
0 0.859 0.383 0.07 0.084
0 0.9015 0.352 0.079 0.086
0 0.9385 0.312 0.083 0.082
1 0.2065 0.5275 0.079 0.115
1 0.276 0.6065 0.05 0.067
1 0.2035 0.681 0.061 0.082
1 0.134 0.753 0.052 0.068
1 0.047 0.811 0.094 0.1
1 0.6635 0.575 0.085 0.118
1 0.833 0.424 0.064 0.118
1 0.1395 0.0385 0.075 0.065
1 0.4015 0.3155 0.059 0.089
1 0.5875 0.135 0.089 0.13
1 0.8605 0.072 0.053 0.096
