0 0.074 0.0525 0.072 0.095
0 0.1765 0.1265 0.055 0.069
0 0.241 0.164 0.07 0.08
0 0.5235 0.3445 0.073 0.087
0 0.6165 0.419 0.065 0.076
0 0.652 0.451 0.052 0.072
0 0.7635 0.5205 0.071 0.087
0 0.8025 0.547 0.065 0.084
0 0.844 0.2785 0.068 0.095
0 0.733 0.2055 0.074 0.083
0 0.2605 0.807 0.069 0.088
0 0.304 0.8365 0.058 0.067
0 0.256 0.899 0.082 0.072
0 0.247 0.9665 0.074 0.061
0 0.459 0.943 0.074 0.084
0 0.51 0.9695 0.066 0.057
0 0.5695 0.981 0.049 0.028
0 0.4145 0.0175 0.047 0.035
1 0.5755 0.1525 0.143 0.233
1 0.3745 0.0565 0.237 0.113
1 0.343 0.241 0.082 0.144
1 0.4395 0.3005 0.039 0.065
1 0.6795 0.465 0.061 0.086
1 0.835 0.562 0.066 0.09
1 0.587 0.397 0.052 0.086
1 0.206 0.1405 0.044 0.067
1 0.097 0.0715 0.046 0.083
