0 0.5725 0.148 0.087 0.052
0 0.857 0.021 0.098 0.042
0 0.904 0.5915 0.102 0.055
0 0.7925 0.622 0.089 0.064
0 0.6915 0.6475 0.095 0.057
0 0.5715 0.673 0.095 0.062
0 0.3925 0.1475 0.089 0.057
0 0.281 0.1735 0.076 0.057
0 0.1975 0.1895 0.055 0.045
0 0.1555 0.262 0.093 0.062
0 0.078 0.2285 0.092 0.059
0 0.0445 0.2875 0.083 0.063
0 0.0755 0.3555 0.089 0.069
0 0.477 0.245 0.096 0.062
1 0.0305 0.7115 0.061 0.233
1 0.121 0.731 0.136 0.194
1 0.283 0.6855 0.168 0.233
1 0.46 0.633 0.12 0.214
1 0.644 0.576 0.148 0.23
1 0.8005 0.5325 0.113 0.185
1 0.953 0.5075 0.092 0.207
1 0.855 0.21 0.134 0.142
1 0.667 0.2405 0.112 0.131
1 0.502 0.305 0.102 0.128
1 0.349 0.354 0.128 0.17
1 0.983 0.1605 0.032 0.173
1 0.0665 0.413 0.133 0.24
1 0.093 0.05 0.08 0.1
