0 0.532 0.101 0.054 0.088
0 0.6135 0.036 0.057 0.066
0 0.6635 0.1495 0.059 0.089
0 0.7315 0.3185 0.057 0.095
0 0.702 0.5245 0.062 0.099
0 0.869 0.664 0.06 0.084
0 0.947 0.8485 0.062 0.109
0 0.7825 0.7265 0.059 0.079
0 0.176 0.4865 0.056 0.083
0 0.1325 0.5115 0.059 0.097
0 0.0455 0.5435 0.053 0.077
0 0.2685 0.6085 0.101 0.067
0 0.492 0.5175 0.092 0.069
0 0.152 0.77 0.06 0.096
0 0.1855 0.7225 0.049 0.077
1 0.368 0.909 0.274 0.178
1 0.6035 0.9145 0.183 0.161
1 0.869 0.391 0.194 0.162
1 0.9755 0.727 0.047 0.192
