0 0.941 0.0285 0.076 0.051
0 0.917 0.0895 0.078 0.049
0 0.9095 0.145 0.079 0.052
0 0.897 0.195 0.094 0.048
0 0.889 0.244 0.078 0.054
0 0.875 0.29 0.086 0.052
0 0.858 0.3345 0.084 0.051
0 0.851 0.384 0.102 0.052
0 0.8375 0.443 0.083 0.06
0 0.8165 0.5405 0.097 0.047
0 0.8115 0.5855 0.085 0.053
0 0.796 0.637 0.084 0.05
0 0.9815 0.598 0.035 0.088
0 0.9675 0.6955 0.055 0.101
0 0.916 0.907 0.058 0.092
0 0.851 0.953 0.05 0.09
0 0.899 0.98 0.042 0.036
0 0.772 0.741 0.11 0.064
0 0.7525 0.8045 0.087 0.043
0 0.742 0.8585 0.1 0.049
0 0.7255 0.9105 0.075 0.041
0 0.7075 0.956 0.063 0.042
0 0.707 0.9825 0.094 0.031
1 0.1945 0.4325 0.149 0.133
1 0.684 0.7155 0.128 0.187
1 0.658 0.928 0.128 0.14
1 0.9685 0.416 0.061 0.212
1 0.7775 0.281 0.077 0.124
1 0.8325 0.15 0.067 0.112
1 0.7515 0.447 0.069 0.122
