0 0.0605 0.688 0.087 0.062
0 0.021 0.1185 0.042 0.037
0 0.1585 0.6595 0.081 0.055
0 0.258 0.639 0.094 0.054
0 0.368 0.6145 0.082 0.055
0 0.6035 0.556 0.095 0.056
0 0.729 0.5245 0.09 0.055
0 0.837 0.4995 0.096 0.065
0 0.9645 0.4645 0.067 0.047
0 0.9475 0.5895 0.085 0.055
0 0.828 0.62 0.096 0.062
0 0.708 0.6465 0.106 0.055
0 0.5825 0.6705 0.089 0.063
0 0.4605 0.7025 0.103 0.057
0 0.327 0.735 0.102 0.066
0 0.182 0.7715 0.1 0.059
0 0.0785 0.795 0.079 0.062
1 0.149 0.593 0.13 0.254
1 0.0305 0.6825 0.061 0.285
1 0.3335 0.5745 0.165 0.283
1 0.4765 0.535 0.115 0.25
1 0.6175 0.4775 0.131 0.243
1 0.7875 0.4515 0.159 0.277
1 0.937 0.4105 0.124 0.277
1 0.3485 0.0795 0.123 0.159
1 0.2025 0.1125 0.151 0.195
1 0.051 0.175 0.102 0.228
1 0.5255 0.072 0.121 0.14
1 0.696 0.0575 0.116 0.109
