0 0.181 0.276 0.092 0.044
0 0.1775 0.321 0.079 0.044
0 0.163 0.3685 0.076 0.049
0 0.154 0.413 0.078 0.05
0 0.143 0.458 0.088 0.06
0 0.131 0.514 0.094 0.052
0 0.114 0.5685 0.096 0.061
0 0.1035 0.627 0.107 0.064
0 0.088 0.6805 0.09 0.063
0 0.079 0.724 0.096 0.06
0 0.0735 0.7725 0.071 0.043
0 0.056 0.824 0.092 0.062
0 0.0455 0.8805 0.091 0.055
0 0.038 0.924 0.076 0.052
0 0.027 0.981 0.054 0.032
0 0.266 0.7275 0.052 0.091
0 0.2915 0.635 0.045 0.082
0 0.3315 0.5545 0.099 0.065
0 0.3325 0.4695 0.049 0.087
0 0.35 0.3645 0.048 0.077
0 0.368 0.267 0.052 0.102
0 0.2205 0.934 0.045 0.086
0 0.5185 0.0825 0.047 0.095
0 0.571 0.096 0.048 0.092
0 0.624 0.113 0.05 0.092
0 0.67 0.1245 0.046 0.075
0 0.719 0.128 0.048 0.096
0 0.848 0.051 0.088 0.058
1 0.1065 0.3485 0.183 0.213
1 0.063 0.6285 0.126 0.271
1 0.2305 0.892 0.125 0.134
1 0.332 0.507 0.09 0.172
1 0.406 0.273 0.122 0.146
1 0.9475 0.634 0.103 0.176
