0 0.104 0.7385 0.09 0.065
0 0.2005 0.649 0.081 0.05
0 0.3105 0.6255 0.091 0.067
0 0.615 0.4965 0.088 0.063
0 0.679 0.5865 0.1 0.065
0 0.6705 0.746 0.065 0.094
0 0.7435 0.6835 0.049 0.097
0 0.7115 0.873 0.039 0.09
0 0.781 0.7825 0.048 0.093
0 0.8095 0.9115 0.041 0.093
0 0.693 0.968 0.048 0.06
0 0.8235 0.984 0.049 0.028
1 0.313 0.212 0.36 0.424
1 0.083 0.7865 0.106 0.173
1 0.416 0.7575 0.116 0.141
1 0.5175 0.942 0.141 0.11
1 0.33 0.9555 0.102 0.083
1 0.1685 0.951 0.187 0.092
1 0.9815 0.8405 0.035 0.183
1 0.9435 0.5635 0.053 0.119
1 0.7315 0.2035 0.129 0.183
1 0.8075 0.334 0.087 0.112
