0 0.3295 0.0335 0.075 0.057
0 0.3145 0.07 0.063 0.056
0 0.3115 0.1195 0.085 0.057
0 0.3075 0.185 0.099 0.05
0 0.298 0.2405 0.09 0.039
0 0.2915 0.2865 0.093 0.047
0 0.2875 0.3365 0.085 0.047
0 0.2875 0.384 0.075 0.042
0 0.2665 0.428 0.095 0.058
0 0.2625 0.4775 0.097 0.053
0 0.259 0.532 0.1 0.056
0 0.252 0.5915 0.09 0.039
0 0.2405 0.643 0.089 0.06
0 0.2295 0.702 0.103 0.048
0 0.2245 0.753 0.091 0.05
0 0.2155 0.8035 0.101 0.051
0 0.2035 0.8545 0.087 0.051
0 0.1865 0.9055 0.091 0.053
0 0.1895 0.9645 0.071 0.047
0 0.1675 0.0785 0.055 0.103
0 0.154 0.1945 0.044 0.111
0 0.088 0.307 0.094 0.048
0 0.0795 0.3655 0.079 0.053
0 0.0665 0.42 0.091 0.044
0 0.0685 0.4725 0.101 0.047
0 0.048 0.525 0.094 0.052
0 0.048 0.5795 0.096 0.049
0 0.038 0.6265 0.074 0.043
0 0.037 0.6755 0.072 0.047
0 0.0345 0.7315 0.069 0.043
0 0.0335 0.781 0.067 0.05
0 0.026 0.8275 0.05 0.049
0 0.0245 0.869 0.047 0.038
0 0.022 0.919 0.044 0.044
0 0.0165 0.9645 0.033 0.037
1 0.0845 0.103 0.167 0.188
1 0.0595 0.473 0.119 0.186
1 0.0395 0.864 0.079 0.178
1 0.258 0.694 0.148 0.192
1 0.3715 0.094 0.113 0.16
1 0.9725 0.7875 0.053 0.141
