0 0.1455 0.49 0.083 0.06
0 0.9835 0.2695 0.029 0.047
0 0.8585 0.3015 0.093 0.055
0 0.9905 0.6855 0.015 0.037
0 0.928 0.7125 0.096 0.057
0 0.825 0.855 0.09 0.062
0 0.805 0.744 0.092 0.064
0 0.7205 0.766 0.055 0.044
0 0.628 0.7885 0.078 0.051
0 0.529 0.821 0.088 0.056
0 0.422 0.848 0.098 0.06
0 0.301 0.887 0.092 0.062
0 0.1835 0.9145 0.097 0.057
0 0.7205 0.8845 0.093 0.063
1 0.1985 0.1655 0.199 0.223
1 0.4935 0.1225 0.181 0.211
1 0.771 0.112 0.054 0.118
1 0.9225 0.046 0.153 0.08
1 0.9195 0.3085 0.099 0.179
1 0.7745 0.3625 0.087 0.165
1 0.64 0.3505 0.154 0.233
1 0.336 0.4735 0.054 0.139
1 0.0965 0.817 0.115 0.158
1 0.283 0.7815 0.14 0.225
1 0.434 0.7475 0.094 0.179
1 0.591 0.714 0.18 0.258
1 0.7995 0.629 0.203 0.174
1 0.9675 0.5665 0.063 0.211
