0 0.0905 0.0515 0.049 0.093
0 0.227 0.0345 0.042 0.065
0 0.243 0.132 0.046 0.1
0 0.2335 0.2195 0.087 0.097
0 0.2805 0.346 0.055 0.106
0 0.3 0.456 0.046 0.098
0 0.3185 0.5605 0.043 0.089
0 0.338 0.6695 0.044 0.081
0 0.354 0.766 0.044 0.08
0 0.3715 0.8885 0.047 0.083
0 0.2495 0.943 0.049 0.092
0 0.2295 0.8525 0.047 0.077
0 0.2135 0.754 0.045 0.098
0 0.195 0.6485 0.044 0.095
0 0.182 0.5415 0.044 0.097
0 0.1635 0.447 0.047 0.096
0 0.1435 0.353 0.053 0.098
0 0.13 0.262 0.044 0.094
0 0.112 0.157 0.052 0.1
0 0.9065 0.5405 0.095 0.053
0 0.933 0.595 0.098 0.056
0 0.858 0.9525 0.084 0.047
0 0.968 0.935 0.062 0.042
0 0.6265 0.9815 0.083 0.033
