0 0.0775 0.195 0.077 0.052
0 0.247 0.1705 0.078 0.053
0 0.338 0.158 0.076 0.056
0 0.4285 0.139 0.075 0.058
0 0.5475 0.1105 0.075 0.045
0 0.642 0.097 0.094 0.048
0 0.8185 0.0655 0.089 0.053
0 0.9135 0.048 0.093 0.056
0 0.133 0.66 0.11 0.068
0 0.142 0.945 0.136 0.086
0 0.3595 0.904 0.145 0.068
0 0.873 0.8365 0.146 0.073
1 0.1295 0.4055 0.077 0.121
1 0.299 0.369 0.088 0.158
1 0.458 0.3345 0.082 0.127
1 0.637 0.3135 0.094 0.127
1 0.8045 0.2675 0.077 0.133
1 0.97 0.2485 0.058 0.153
1 0.976 0.4145 0.046 0.111
1 0.854 0.4645 0.106 0.161
1 0.677 0.484 0.096 0.146
1 0.513 0.52 0.09 0.13
1 0.346 0.5455 0.104 0.143
1 0.171 0.5775 0.09 0.121
1 0.021 0.63 0.042 0.128
1 0.1025 0.084 0.157 0.158
