0 0.052 0.2275 0.09 0.065
0 0.528 0.1165 0.146 0.085
0 0.567 0.173 0.102 0.056
0 0.5805 0.2225 0.077 0.055
0 0.665 0.2165 0.078 0.045
0 0.7155 0.08 0.091 0.052
0 0.824 0.059 0.082 0.052
0 0.9235 0.039 0.073 0.05
0 0.9275 0.163 0.087 0.056
0 0.796 0.6405 0.102 0.059
0 0.9085 0.691 0.093 0.074
0 0.9235 0.7465 0.099 0.065
1 0.3995 0.3095 0.157 0.147
1 0.6185 0.246 0.197 0.204
1 0.96 0.2035 0.068 0.113
1 0.7585 0.5895 0.087 0.117
1 0.2345 0.6555 0.143 0.153
1 0.27 0.8795 0.156 0.159
1 0.352 0.093 0.098 0.134
