0 0.0525 0.1055 0.105 0.059
0 0.044 0.231 0.088 0.068
0 0.1435 0.209 0.085 0.06
0 0.217 0.079 0.114 0.068
0 0.328 0.058 0.088 0.056
0 0.357 0.1805 0.094 0.065
0 0.254 0.204 0.096 0.06
0 0.726 0.0735 0.094 0.059
0 0.8625 0.04 0.077 0.05
0 0.97 0.0305 0.058 0.057
0 0.585 0.2305 0.042 0.101
0 0.6035 0.3475 0.041 0.089
0 0.6255 0.4955 0.051 0.111
0 0.644 0.6225 0.04 0.107
0 0.5935 0.767 0.043 0.094
0 0.67 0.7475 0.044 0.085
0 0.687 0.8815 0.05 0.107
0 0.809 0.9825 0.084 0.031
1 0.133 0.64 0.202 0.178
1 0.751 0.2655 0.094 0.177
1 0.9 0.202 0.126 0.246
1 0.9525 0.488 0.093 0.214
1 0.7965 0.4735 0.151 0.133
1 0.83 0.6385 0.088 0.167
1 0.954 0.702 0.09 0.172
