0 0.025 0.612 0.042 0.08
0 0.0415 0.8305 0.039 0.099
0 0.087 0.811 0.042 0.078
0 0.2735 0.8985 0.047 0.069
0 0.2785 0.9685 0.123 0.059
0 0.414 0.847 0.054 0.094
0 0.4645 0.826 0.047 0.072
0 0.567 0.784 0.048 0.074
0 0.7285 0.752 0.049 0.1
0 0.7925 0.75 0.053 0.086
0 0.777 0.631 0.082 0.046
0 0.9165 0.5355 0.039 0.093
0 0.891 0.8115 0.068 0.083
0 0.936 0.8365 0.072 0.081
0 0.9465 0.904 0.077 0.078
0 0.596 0.324 0.06 0.082
0 0.771 0.1125 0.058 0.117
1 0.734 0.1995 0.132 0.173
1 0.9085 0.45 0.181 0.286
1 0.951 0.1225 0.096 0.215
1 0.2245 0.567 0.187 0.18
1 0.209 0.704 0.106 0.068
1 0.3465 0.7525 0.117 0.219
1 0.0915 0.893 0.183 0.186
1 0.0985 0.1325 0.143 0.159
