0 0.043 0.628 0.086 0.06
0 0.1585 0.6015 0.101 0.065
0 0.436 0.5565 0.088 0.051
0 0.0465 0.7545 0.093 0.071
0 0.1405 0.732 0.081 0.058
0 0.239 0.7135 0.098 0.065
0 0.3535 0.6955 0.089 0.047
0 0.4505 0.6795 0.085 0.061
0 0.545 0.656 0.08 0.056
0 0.6395 0.643 0.081 0.046
0 0.0975 0.922 0.047 0.086
0 0.2085 0.8935 0.053 0.099
0 0.315 0.8805 0.05 0.091
0 0.4105 0.8545 0.047 0.109
0 0.4615 0.851 0.045 0.098
0 0.902 0.472 0.086 0.06
0 0.9065 0.5995 0.097 0.053
0 0.983 0.591 0.032 0.044
1 0.2865 0.3345 0.133 0.133
1 0.526 0.374 0.246 0.2
1 0.5565 0.0785 0.199 0.151
1 0.0565 0.5685 0.113 0.177
1 0.1755 0.762 0.107 0.156
1 0.4375 0.7055 0.105 0.147
1 0.6935 0.6615 0.121 0.145
1 0.7795 0.428 0.115 0.148
1 0.967 0.4115 0.064 0.157
1 0.9545 0.9675 0.089 0.059
1 0.929 0.231 0.112 0.098
1 0.72 0.2465 0.07 0.063
