0 0.0835 0.3675 0.049 0.097
0 0.024 0.382 0.04 0.086
0 0.15 0.3645 0.046 0.087
0 0.0305 0.938 0.061 0.058
0 0.1315 0.924 0.089 0.05
0 0.2265 0.903 0.075 0.054
0 0.4035 0.8735 0.073 0.047
0 0.497 0.864 0.094 0.06
0 0.5855 0.8455 0.081 0.057
0 0.722 0.817 0.058 0.042
0 0.8105 0.8075 0.083 0.053
0 0.903 0.7855 0.078 0.053
0 0.8965 0.918 0.075 0.056
0 0.7955 0.9275 0.067 0.061
0 0.697 0.9535 0.098 0.047
0 0.5875 0.969 0.085 0.052
0 0.47 0.9785 0.096 0.039
1 0.2705 0.193 0.177 0.116
1 0.2895 0.069 0.355 0.134
1 0.036 0.1055 0.072 0.195
1 0.3515 0.8275 0.097 0.115
1 0.1195 0.851 0.095 0.146
1 0.5775 0.793 0.083 0.1
1 0.7705 0.6915 0.073 0.097
1 0.869 0.647 0.068 0.11
1 0.979 0.95 0.04 0.088
1 0.783 0.969 0.066 0.05
