0 0.185 0.444 0.094 0.062
0 0.023 0.463 0.046 0.054
0 0.0255 0.5915 0.051 0.055
0 0.106 0.581 0.084 0.06
0 0.2105 0.568 0.101 0.074
0 0.26 0.506 0.1 0.062
0 0.4095 0.4765 0.057 0.049
0 0.4975 0.3855 0.085 0.045
0 0.597 0.371 0.088 0.044
0 0.56 0.455 0.096 0.05
0 0.45 0.5195 0.102 0.065
0 0.351 0.5415 0.076 0.055
0 0.2635 0.754 0.055 0.108
0 0.362 0.7425 0.05 0.103
0 0.5145 0.7115 0.049 0.095
0 0.607 0.6955 0.048 0.083
0 0.764 0.6855 0.048 0.097
0 0.6195 0.493 0.085 0.058
0 0.7055 0.423 0.091 0.062
0 0.7225 0.472 0.087 0.054
0 0.7835 0.3345 0.079 0.061
0 0.8795 0.317 0.083 0.044
0 0.821 0.405 0.092 0.062
0 0.838 0.4525 0.092 0.057
0 0.926 0.3915 0.084 0.047
0 0.944 0.437 0.088 0.054
0 0.967 0.305 0.064 0.05
0 0.894 0.8685 0.048 0.097
0 0.7955 0.876 0.045 0.084
0 0.747 0.895 0.048 0.074
0 0.6455 0.908 0.049 0.1
0 0.597 0.9235 0.05 0.095
0 0.549 0.934 0.042 0.074
0 0.501 0.931 0.048 0.092
0 0.451 0.941 0.05 0.096
0 0.3565 0.953 0.043 0.088
0 0.3 0.954 0.046 0.086
0 0.81 0.972 0.038 0.05
0 0.918 0.967 0.04 0.062
0 0.9645 0.961 0.041 0.074
1 0.325 0.579 0.106 0.162
1 0.405 0.3465 0.112 0.133
1 0.704 0.2495 0.142 0.273
1 0.8275 0.14 0.129 0.146
1 0.9675 0.226 0.063 0.11
1 0.126 0.391 0.128 0.126
1 0.2085 0.165 0.169 0.29
1 0.0385 0.232 0.077 0.086
