0 0.0335 0.0695 0.067 0.063
0 0.1795 0.09 0.081 0.092
0 0.225 0.041 0.082 0.082
0 0.3635 0.1965 0.087 0.063
0 0.423 0.151 0.088 0.062
0 0.587 0.2525 0.088 0.063
0 0.8105 0.225 0.093 0.062
0 0.914 0.31 0.168 0.094
1 0.2365 0.43 0.289 0.192
1 0.4975 0.269 0.091 0.188
1 0.528 0.464 0.224 0.224
1 0.7305 0.546 0.173 0.366
1 0.907 0.5025 0.184 0.239
1 0.271 0.2165 0.084 0.185
1 0.0695 0.2325 0.099 0.189
1 0.032 0.6025 0.064 0.201
1 0.31 0.6135 0.226 0.177
1 0.5145 0.88 0.155 0.236
1 0.66 0.106 0.122 0.148
