0 0.1235 0.479 0.043 0.11
0 0.1775 0.467 0.051 0.098
0 0.2325 0.4495 0.047 0.097
0 0.325 0.425 0.052 0.09
0 0.3665 0.415 0.047 0.08
0 0.422 0.407 0.054 0.088
0 0.4655 0.3955 0.053 0.077
0 0.22 0.6265 0.092 0.061
0 0.3165 0.592 0.085 0.062
0 0.1315 0.7255 0.069 0.083
0 0.0665 0.7315 0.071 0.083
0 0.6965 0.5265 0.075 0.045
0 0.7945 0.521 0.083 0.044
0 0.8805 0.5275 0.053 0.041
0 0.985 0.5505 0.028 0.051
1 0.069 0.486 0.138 0.254
1 0.535 0.3715 0.078 0.135
1 0.6355 0.226 0.133 0.15
1 0.366 0.7595 0.172 0.299
1 0.048 0.796 0.096 0.088
1 0.2175 0.934 0.135 0.11
