0 0.0805 0.105 0.065 0.08
0 0.1525 0.221 0.069 0.088
0 0.198 0.3105 0.06 0.077
0 0.2605 0.396 0.071 0.094
0 0.261 0.054 0.076 0.086
0 0.3275 0.129 0.067 0.08
0 0.397 0.2095 0.072 0.089
0 0.6755 0.418 0.085 0.074
0 0.664 0.519 0.09 0.084
0 0.554 0.6 0.048 0.092
0 0.476 0.673 0.08 0.082
0 0.3995 0.749 0.091 0.094
0 0.286 0.7595 0.092 0.085
0 0.2985 0.829 0.083 0.09
0 0.1805 0.8525 0.083 0.083
0 0.2065 0.9105 0.087 0.091
0 0.112 0.968 0.08 0.058
0 0.0615 0.9505 0.079 0.077
0 0.3505 0.9335 0.081 0.079
0 0.629 0.6975 0.084 0.085
0 0.72 0.6225 0.082 0.083
0 0.4825 0.833 0.187 0.186
0 0.825 0.5405 0.078 0.083
0 0.764 0.4295 0.078 0.075
0 0.8255 0.302 0.079 0.068
0 0.8595 0.353 0.089 0.086
0 0.9555 0.278 0.085 0.094
0 0.965 0.176 0.068 0.074
0 0.984 0.378 0.03 0.06
0 0.916 0.4565 0.072 0.065
1 0.867 0.896 0.234 0.192
