0 0.285 0.056 0.05 0.084
0 0.3085 0.1555 0.055 0.097
0 0.321 0.255 0.052 0.09
0 0.3435 0.3865 0.051 0.107
0 0.361 0.4885 0.054 0.091
0 0.383 0.5895 0.05 0.095
0 0.394 0.682 0.05 0.1
0 0.416 0.7975 0.042 0.085
0 0.4415 0.9465 0.053 0.089
0 0.5375 0.748 0.047 0.104
0 0.5545 0.864 0.047 0.094
0 0.584 0.96 0.05 0.074
0 0.5185 0.618 0.041 0.084
0 0.495 0.5135 0.052 0.093
0 0.4795 0.4145 0.043 0.067
0 0.4615 0.3325 0.047 0.079
0 0.447 0.2285 0.05 0.079
0 0.4275 0.135 0.047 0.094
0 0.4125 0.042 0.047 0.08
