0 0.2865 0.4045 0.101 0.077
0 0.1875 0.4275 0.077 0.059
0 0.0895 0.45 0.091 0.056
0 0.016 0.4565 0.032 0.041
0 0.041 0.715 0.082 0.062
0 0.2795 0.707 0.095 0.056
0 0.2845 0.7605 0.085 0.053
0 0.2795 0.813 0.097 0.056
0 0.243 0.921 0.09 0.056
0 0.4645 0.753 0.047 0.092
0 0.4365 0.866 0.059 0.12
0 0.41 0.9655 0.042 0.065
0 0.598 0.1395 0.054 0.085
0 0.578 0.233 0.04 0.084
0 0.4545 0.162 0.049 0.078
0 0.4305 0.2555 0.065 0.109
0 0.6865 0.5535 0.083 0.055
0 0.441 0.0565 0.082 0.059
0 0.626 0.0365 0.048 0.069
0 0.9645 0.8995 0.063 0.093
0 0.9855 0.801 0.027 0.084
0 0.943 0.31 0.112 0.082
1 0.3595 0.1745 0.193 0.259
