0 0.078 0.09 0.044 0.084
0 0.0935 0.184 0.045 0.086
0 0.1135 0.277 0.039 0.076
0 0.129 0.379 0.048 0.09
0 0.143 0.478 0.048 0.078
0 0.16 0.5705 0.052 0.081
0 0.176 0.659 0.05 0.102
0 0.1935 0.7655 0.041 0.073
0 0.213 0.879 0.042 0.084
0 0.0385 0.5365 0.041 0.071
0 0.049 0.7715 0.044 0.099
0 0.067 0.889 0.046 0.098
0 0.3755 0.916 0.071 0.092
0 0.4195 0.8995 0.071 0.089
0 0.4875 0.894 0.077 0.082
0 0.634 0.861 0.074 0.088
0 0.7295 0.84 0.069 0.088
0 0.788 0.8215 0.068 0.097
0 0.854 0.8305 0.076 0.093
0 0.9005 0.811 0.067 0.082
0 0.953 0.8115 0.058 0.077
0 0.9835 0.7995 0.031 0.075
0 0.521 0.2885 0.082 0.053
0 0.5245 0.3525 0.095 0.057
0 0.628 0.202 0.052 0.096
0 0.681 0.3325 0.078 0.047
0 0.7675 0.313 0.089 0.064
0 0.866 0.2955 0.074 0.053
0 0.834 0.155 0.048 0.092
0 0.7785 0.1685 0.039 0.077
0 0.727 0.173 0.044 0.08
0 0.0635 0.0195 0.037 0.039
1 0.9045 0.3395 0.095 0.141
1 0.3425 0.845 0.113 0.102
1 0.4915 0.817 0.077 0.102
1 0.6485 0.78 0.067 0.08
1 0.819 0.751 0.062 0.086
1 0.9715 0.737 0.055 0.1
1 0.9825 0.057 0.033 0.104
