0 0.7465 0.9645 0.099 0.053
0 0.622 0.9825 0.098 0.031
0 0.8755 0.937 0.097 0.056
0 0.966 0.926 0.066 0.048
1 0.5345 0.4575 0.181 0.177
1 0.3945 0.807 0.089 0.122
1 0.208 0.71 0.108 0.138
1 0.0455 0.745 0.077 0.108
1 0.188 0.5295 0.056 0.091
1 0.36 0.508 0.068 0.094
1 0.3325 0.3835 0.043 0.089
1 0.165 0.4025 0.06 0.075
1 0.122 0.16 0.052 0.068
1 0.29 0.146 0.052 0.078
1 0.0195 0.574 0.039 0.132
1 0.903 0.571 0.174 0.156
1 0.9385 0.718 0.121 0.156
1 0.7555 0.736 0.055 0.08
1 0.7495 0.6055 0.053 0.097
1 0.5645 0.63 0.065 0.08
1 0.879 0.4005 0.05 0.089
1 0.852 0.286 0.05 0.076
1 0.978 0.265 0.042 0.166
1 0.975 0.028 0.048 0.056
1 0.797 0.0445 0.066 0.053
