0 0.021 0.357 0.042 0.054
0 0.1055 0.34 0.099 0.056
0 0.3015 0.3055 0.087 0.057
0 0.4385 0.282 0.079 0.056
0 0.529 0.2665 0.078 0.057
0 0.628 0.248 0.1 0.058
0 0.84 0.2125 0.088 0.053
0 0.947 0.1875 0.098 0.063
1 0.3525 0.4615 0.189 0.199
1 0.1005 0.475 0.155 0.252
1 0.5035 0.412 0.083 0.156
1 0.7085 0.3705 0.167 0.173
1 0.9285 0.3215 0.141 0.143
1 0.9135 0.6115 0.131 0.251
1 0.8245 0.86 0.281 0.276
1 0.202 0.95 0.184 0.09
1 0.296 0.1055 0.116 0.115
1 0.4605 0.083 0.071 0.13
1 0.6435 0.05 0.087 0.084
1 0.813 0.0365 0.096 0.073
1 0.105 0.025 0.104 0.05
