0 0.05 0.19 0.1 0.062
0 0.185 0.1625 0.094 0.053
0 0.296 0.1355 0.078 0.053
0 0.3975 0.1285 0.089 0.055
0 0.4995 0.1065 0.083 0.053
0 0.618 0.0895 0.098 0.051
0 0.7465 0.0635 0.097 0.051
0 0.875 0.0405 0.096 0.059
0 0.9675 0.027 0.063 0.054
1 0.331 0.2785 0.176 0.193
1 0.515 0.252 0.13 0.186
1 0.0745 0.3495 0.149 0.203
1 0.8695 0.2085 0.259 0.145
1 0.654 0.233 0.092 0.136
1 0.647 0.799 0.162 0.23
1 0.9525 0.7095 0.093 0.163
1 0.782 0.596 0.048 0.064
1 0.0455 0.9025 0.091 0.189
1 0.035 0.6315 0.07 0.189
