0 0.552 0.7065 0.09 0.055
0 0.847 0.7445 0.102 0.057
0 0.408 0.8655 0.098 0.069
0 0.2945 0.887 0.097 0.062
0 0.1905 0.9055 0.083 0.053
0 0.0855 0.923 0.103 0.058
1 0.355 0.2175 0.172 0.195
1 0.1165 0.24 0.125 0.132
1 0.1545 0.3795 0.059 0.085
1 0.087 0.0375 0.082 0.071
1 0.039 0.5745 0.078 0.189
1 0.0495 0.74 0.099 0.188
1 0.205 0.6695 0.088 0.125
1 0.1755 0.524 0.135 0.192
1 0.393 0.501 0.11 0.106
1 0.444 0.651 0.108 0.144
1 0.5715 0.4775 0.153 0.207
1 0.736 0.4365 0.104 0.165
1 0.776 0.5955 0.102 0.153
1 0.9135 0.4305 0.157 0.223
1 0.8535 0.2345 0.121 0.145
1 0.82 0.1 0.078 0.1
1 0.955 0.1475 0.088 0.259
1 0.879 0.916 0.202 0.158
1 0.5915 0.9395 0.147 0.115
1 0.404 0.9575 0.146 0.081
