0 0.038 0.3605 0.076 0.041
0 0.271 0.3045 0.094 0.047
0 0.2815 0.076 0.085 0.044
0 0.2795 0.024 0.087 0.048
0 0.488 0.0605 0.044 0.087
0 0.4185 0.253 0.041 0.1
0 0.477 0.284 0.038 0.1
0 0.4685 0.3915 0.043 0.091
0 0.4695 0.49 0.041 0.088
0 0.2855 0.1345 0.085 0.045
0 0.2785 0.188 0.101 0.044
0 0.2665 0.25 0.093 0.05
0 0.2595 0.487 0.093 0.054
0 0.257 0.5375 0.096 0.041
0 0.252 0.597 0.078 0.044
0 0.244 0.6465 0.08 0.041
0 0.236 0.698 0.082 0.044
0 0.2385 0.7555 0.091 0.041
0 0.2375 0.8035 0.101 0.045
0 0.2355 0.8605 0.105 0.053
0 0.2305 0.92 0.079 0.046
0 0.235 0.9685 0.08 0.045
0 0.4555 0.711 0.039 0.094
0 0.4495 0.8445 0.043 0.097
1 0.9245 0.426 0.115 0.204
1 0.951 0.8995 0.096 0.093
