0 0.043 0.548 0.086 0.056
0 0.1435 0.524 0.085 0.056
0 0.36 0.4735 0.078 0.049
0 0.573 0.4315 0.094 0.059
0 0.6735 0.4055 0.077 0.051
0 0.868 0.3635 0.084 0.053
0 0.856 0.488 0.098 0.062
0 0.9645 0.461 0.069 0.05
0 0.5865 0.547 0.099 0.056
0 0.6695 0.466 0.079 0.048
0 0.4995 0.727 0.051 0.096
0 0.5095 0.85 0.049 0.082
0 0.4595 0.8625 0.051 0.091
0 0.407 0.8745 0.048 0.085
0 0.325 0.692 0.044 0.074
0 0.35 0.6 0.078 0.05
0 0.27 0.6905 0.064 0.101
0 0.213 0.7 0.046 0.086
0 0.1615 0.639 0.097 0.056
0 0.1245 0.7115 0.053 0.089
0 0.0245 0.742 0.047 0.078
0 0.037 0.6685 0.074 0.063
0 0.0355 0.95 0.047 0.09
0 0.0875 0.9415 0.057 0.101
0 0.3095 0.8995 0.051 0.087
0 0.2065 0.924 0.055 0.106
0 0.1435 0.9365 0.055 0.099
1 0.623 0.677 0.24 0.364
