0 0.1415 0.2485 0.083 0.047
0 0.0675 0.4135 0.097 0.053
0 0.0075 0.0765 0.015 0.099
0 0.232 0.044 0.042 0.082
0 0.283 0.042 0.042 0.08
0 0.3345 0.2175 0.091 0.059
0 0.435 0.197 0.082 0.056
0 0.544 0.185 0.09 0.056
0 0.6555 0.1685 0.097 0.053
0 0.7715 0.1465 0.087 0.057
0 0.857 0.1345 0.08 0.045
0 0.7665 0.2995 0.081 0.055
0 0.6475 0.3225 0.085 0.045
0 0.5355 0.338 0.091 0.05
0 0.418 0.3585 0.104 0.055
0 0.2935 0.35 0.085 0.05
0 0.1675 0.4005 0.091 0.053
1 0.702 0.5705 0.28 0.415
1 0.935 0.811 0.128 0.264
1 0.5615 0.078 0.485 0.146
0 0.444 0.0295 0.04 0.055
0 0.331 0.038 0.034 0.076
0 0.493 0.032 0.034 0.054
1 0.332 0.827 0.056 0.068
1 0.247 0.8535 0.068 0.079
1 0.1735 0.8615 0.049 0.053
1 0.065 0.874 0.13 0.086
1 0.08 0.141 0.16 0.154
