0 0.5115 0.7215 0.091 0.049
0 0.7635 0.6915 0.099 0.057
0 0.9495 0.753 0.099 0.062
0 0.8045 0.795 0.093 0.052
0 0.953 0.9155 0.078 0.063
0 0.8715 0.8995 0.085 0.047
0 0.7155 0.8955 0.091 0.061
0 0.6665 0.9575 0.083 0.051
0 0.579 0.9355 0.082 0.053
0 0.416 0.8845 0.088 0.059
0 0.3095 0.854 0.081 0.052
0 0.7095 0.0195 0.083 0.039
1 0.6695 0.2985 0.087 0.189
1 0.9025 0.1085 0.193 0.201
1 0.35 0.6665 0.058 0.119
1 0.1135 0.6435 0.065 0.141
1 0.2395 0.879 0.087 0.152
1 0.9085 0.85 0.103 0.13
1 0.8795 0.631 0.079 0.112
0 0.877 0.659 0.084 0.062
1 0.5875 0.6715 0.095 0.079
