0 0.057 0.3525 0.086 0.045
0 0.03 0.4645 0.06 0.045
0 0.3 0.454 0.102 0.048
0 0.297 0.3405 0.094 0.039
0 0.4135 0.334 0.105 0.044
0 0.5525 0.328 0.095 0.048
0 0.4035 0.449 0.075 0.042
0 0.2615 0.578 0.075 0.048
0 0.1425 0.584 0.083 0.042
0 0.0405 0.5855 0.081 0.045
0 0.355 0.578 0.068 0.04
0 0.3055 0.6895 0.097 0.053
0 0.709 0.5895 0.086 0.041
0 0.8035 0.5825 0.073 0.039
0 0.8855 0.5795 0.069 0.037
0 0.9675 0.5805 0.063 0.047
0 0.981 0.699 0.036 0.042
0 0.927 0.705 0.06 0.046
0 0.725 0.6925 0.092 0.035
0 0.627 0.695 0.074 0.044
0 0.6765 0.32 0.099 0.044
0 0.799 0.3135 0.096 0.047
0 0.898 0.3055 0.082 0.045
0 0.974 0.2995 0.05 0.055
0 0.765 0.4335 0.088 0.047
0 0.929 0.4265 0.098 0.049
0 0.648 0.437 0.098 0.048
1 0.0895 0.491 0.179 0.202
1 0.1615 0.705 0.107 0.154
1 0.313 0.4975 0.098 0.179
1 0.328 0.268 0.126 0.176
1 0.5455 0.4945 0.193 0.257
1 0.7725 0.5485 0.125 0.183
1 0.8995 0.434 0.165 0.166
1 0.914 0.7215 0.17 0.197
