0 0.0345 0.081 0.041 0.08
0 0.0745 0.188 0.059 0.092
0 0.106 0.2845 0.056 0.087
0 0.3375 0.3805 0.045 0.097
0 0.39 0.386 0.036 0.086
0 0.438 0.3875 0.032 0.089
0 0.4925 0.395 0.039 0.086
0 0.539 0.362 0.032 0.078
0 0.5865 0.406 0.039 0.086
0 0.5735 0.1765 0.041 0.083
0 0.5825 0.072 0.035 0.1
0 0.5155 0.0735 0.035 0.077
0 0.4195 0.0745 0.039 0.085
0 0.3675 0.077 0.041 0.096
0 0.3655 0.1805 0.043 0.089
0 0.413 0.1725 0.05 0.089
0 0.4645 0.166 0.035 0.092
0 0.239 0.641 0.06 0.088
0 0.3975 0.508 0.043 0.098
0 0.581 0.7 0.056 0.096
0 0.5225 0.7145 0.065 0.087
0 0.418 0.7225 0.066 0.087
0 0.513 0.834 0.042 0.078
0 0.4075 0.858 0.057 0.092
1 0.705 0.2155 0.16 0.271
1 0.687 0.5725 0.126 0.247
1 0.5475 0.4365 0.129 0.207
1 0.2195 0.157 0.193 0.266
1 0.1045 0.451 0.169 0.312
1 0.2705 0.8885 0.161 0.183
