0 0.2555 0.4785 0.051 0.059
0 0.2665 0.593 0.067 0.058
0 0.249 0.6565 0.086 0.057
0 0.507 0.7225 0.048 0.077
0 0.555 0.734 0.042 0.082
0 0.6035 0.753 0.045 0.092
0 0.7485 0.7745 0.057 0.093
0 0.7955 0.7965 0.045 0.087
0 0.353 0.903 0.088 0.052
0 0.337 0.9505 0.088 0.053
0 0.3245 0.989 0.067 0.018
0 0.5285 0.947 0.087 0.052
0 0.542 0.9015 0.092 0.051
0 0.5185 0.9855 0.069 0.025
0 0.734 0.9075 0.088 0.055
0 0.722 0.957 0.072 0.044
0 0.708 0.987 0.078 0.022
0 0.891 0.9735 0.084 0.049
1 0.9145 0.867 0.169 0.206
