0 0.397 0.4605 0.1 0.053
0 0.6795 0.1945 0.049 0.089
0 0.715 0.042 0.046 0.08
0 0.848 0.0885 0.05 0.093
0 0.8215 0.1935 0.047 0.085
0 0.792 0.3115 0.058 0.097
0 0.9035 0.581 0.083 0.06
0 0.8695 0.749 0.091 0.052
0 0.7145 0.717 0.099 0.064
0 0.6065 0.6875 0.085 0.065
0 0.4415 0.651 0.087 0.056
0 0.343 0.629 0.092 0.056
0 0.2345 0.617 0.095 0.054
0 0.1235 0.64 0.093 0.078
0 0.0225 0.513 0.045 0.064
1 0.372 0.782 0.204 0.188
1 0.622 0.8275 0.158 0.169
1 0.892 0.8755 0.158 0.183
1 0.839 0.362 0.096 0.124
1 0.921 0.1655 0.068 0.177
1 0.6235 0.2835 0.097 0.131
1 0.676 0.091 0.066 0.13
