0 0.184 0.446 0.104 0.056
0 0.1545 0.528 0.087 0.06
0 0.449 0.5025 0.1 0.061
0 0.4615 0.605 0.123 0.058
0 0.7215 0.5875 0.097 0.059
0 0.6035 0.8015 0.051 0.091
0 0.8995 0.704 0.089 0.056
0 0.9625 0.631 0.073 0.06
0 0.979 0.7245 0.04 0.057
0 0.97 0.0205 0.058 0.037
1 0.1555 0.647 0.311 0.31
1 0.0405 0.9085 0.081 0.165
1 0.4265 0.7405 0.205 0.183
1 0.418 0.9435 0.178 0.095
1 0.6375 0.8415 0.093 0.227
1 0.9015 0.8925 0.115 0.149
1 0.684 0.1095 0.066 0.111
1 0.844 0.1545 0.078 0.115
1 0.968 0.158 0.062 0.144
1 0.5385 0.0765 0.065 0.087
1 0.369 0.0515 0.052 0.091
