0 0.415 0.1005 0.07 0.041
0 0.404 0.142 0.078 0.052
0 0.3815 0.243 0.099 0.068
0 0.365 0.3025 0.098 0.057
0 0.345 0.388 0.102 0.056
0 0.3345 0.4285 0.085 0.059
0 0.3115 0.5435 0.073 0.053
0 0.295 0.6565 0.094 0.061
0 0.2545 0.8015 0.095 0.059
0 0.199 0.9715 0.068 0.051
0 0.373 0.894 0.052 0.09
0 0.411 0.71 0.044 0.08
0 0.487 0.397 0.05 0.09
0 0.5125 0.2895 0.053 0.095
1 0.5965 0.2975 0.087 0.159
1 0.508 0.5615 0.124 0.179
1 0.479 0.894 0.182 0.194
1 0.4305 0.092 0.113 0.124
1 0.346 0.512 0.108 0.168
1 0.3745 0.3405 0.087 0.133
1 0.284 0.6255 0.118 0.129
1 0.257 0.7715 0.118 0.169
1 0.223 0.93 0.174 0.124
1 0.0565 0.035 0.113 0.06
