0 0.0195 0.416 0.039 0.082
0 0.0635 0.3995 0.047 0.087
0 0.1125 0.391 0.045 0.08
0 0.165 0.379 0.044 0.08
0 0.2095 0.3695 0.043 0.077
0 0.2575 0.3525 0.041 0.079
0 0.3035 0.3505 0.041 0.095
0 0.432 0.3125 0.046 0.093
0 0.4855 0.303 0.049 0.092
0 0.773 0.2365 0.056 0.095
0 0.842 0.2195 0.046 0.079
0 0.9855 0.4105 0.027 0.095
0 0.677 0.481 0.048 0.078
0 0.588 0.5055 0.054 0.091
0 0.532 0.515 0.056 0.074
0 0.4735 0.5135 0.055 0.087
0 0.4075 0.5385 0.051 0.075
0 0.306 0.571 0.052 0.096
0 0.2545 0.59 0.051 0.082
0 0.1985 0.6025 0.049 0.071
0 0.0265 0.106 0.053 0.054
1 0.03 0.663 0.06 0.156
1 0.1185 0.866 0.153 0.192
1 0.3305 0.828 0.243 0.28
1 0.663 0.8 0.35 0.33
1 0.923 0.716 0.152 0.322
