0 0.182 0.379 0.044 0.102
0 0.6705 0.0375 0.035 0.071
0 0.676 0.118 0.036 0.088
0 0.687 0.3035 0.038 0.095
0 0.6905 0.397 0.039 0.096
0 0.698 0.507 0.038 0.112
0 0.709 0.705 0.04 0.096
0 0.715 0.801 0.046 0.086
0 0.7245 0.901 0.041 0.096
0 0.7825 0.0335 0.035 0.063
0 0.7875 0.129 0.037 0.106
0 0.7895 0.2335 0.035 0.095
0 0.797 0.355 0.042 0.074
0 0.802 0.4485 0.038 0.089
0 0.81 0.6065 0.038 0.079
0 0.811 0.6935 0.04 0.083
0 0.82 0.777 0.04 0.086
0 0.829 0.8975 0.042 0.103
1 0.826 0.124 0.102 0.14
1 0.8275 0.2755 0.041 0.069
1 0.8585 0.839 0.073 0.144
