0 0.0255 0.314 0.051 0.044
0 0.101 0.313 0.086 0.04
0 0.098 0.4185 0.08 0.053
0 0.2815 0.415 0.077 0.05
0 0.178 0.42 0.08 0.038
0 0.385 0.4175 0.096 0.067
0 0.489 0.401 0.09 0.036
0 0.4245 0.3035 0.091 0.035
0 0.1965 0.307 0.097 0.042
0 0.6085 0.5115 0.035 0.091
0 0.614 0.623 0.034 0.1
0 0.62 0.7295 0.038 0.103
0 0.623 0.8355 0.042 0.103
0 0.6275 0.938 0.039 0.096
0 0.725 0.575 0.038 0.09
0 0.73 0.677 0.04 0.098
0 0.7325 0.7755 0.041 0.099
0 0.7395 0.8795 0.039 0.101
0 0.742 0.971 0.036 0.054
0 0.867 0.2785 0.088 0.049
0 0.8825 0.389 0.079 0.052
0 0.958 0.2725 0.082 0.049
0 0.7065 0.082 0.037 0.094
0 0.5945 0.1135 0.045 0.109
0 0.596 0.022 0.034 0.044
1 0.364 0.4325 0.086 0.127
1 0.26 0.4455 0.044 0.101
1 0.097 0.456 0.142 0.138
1 0.463 0.323 0.136 0.19
1 0.8215 0.085 0.065 0.136
