0 0.0475 0.2355 0.095 0.053
0 0.1495 0.2355 0.087 0.065
0 0.0375 0.348 0.075 0.058
0 0.136 0.3435 0.092 0.051
0 0.245 0.3375 0.104 0.057
0 0.339 0.322 0.066 0.06
0 0.3455 0.2215 0.099 0.053
0 0.446 0.2135 0.092 0.049
0 0.539 0.3125 0.082 0.047
0 0.6505 0.3155 0.079 0.047
0 0.638 0.2145 0.08 0.039
0 0.7215 0.2095 0.085 0.047
0 0.739 0.3185 0.088 0.059
0 0.8915 0.2065 0.089 0.047
0 0.9745 0.1955 0.049 0.041
0 0.9475 0.3945 0.039 0.115
0 0.9475 0.4935 0.031 0.079
0 0.952 0.587 0.044 0.102
0 0.971 0.916 0.044 0.084
0 0.9745 0.9825 0.037 0.031
1 0.434 0.3975 0.254 0.257
1 0.91 0.527 0.178 0.198
1 0.9205 0.2625 0.157 0.267
1 0.9125 0.8315 0.173 0.231
1 0.3575 0.695 0.123 0.31
