0 0.039 0.612 0.078 0.05
0 0.0185 0.6725 0.037 0.043
0 0.0445 0.78 0.089 0.056
0 0.1515 0.785 0.099 0.046
0 0.1395 0.629 0.095 0.062
0 0.242 0.653 0.088 0.05
0 0.3975 0.7005 0.093 0.049
0 0.5045 0.7135 0.073 0.047
0 0.5955 0.7315 0.079 0.041
0 0.6725 0.776 0.089 0.042
0 0.798 0.773 0.112 0.078
0 0.671 0.8935 0.072 0.035
0 0.752 0.884 0.082 0.068
0 0.579 0.878 0.078 0.05
0 0.382 0.9655 0.032 0.065
0 0.947 0.8095 0.104 0.055
0 0.981 0.949 0.036 0.074
0 0.899 0.9105 0.084 0.057
1 0.4645 0.8625 0.129 0.173
1 0.3105 0.6755 0.115 0.171
1 0.694 0.7785 0.166 0.165
1 0.836 0.9255 0.106 0.139
1 0.974 0.8255 0.05 0.119
1 0.404 0.0825 0.168 0.155
1 0.914 0.064 0.106 0.112
