0 0.0255 0.8545 0.051 0.079
0 0.018 0.947 0.036 0.064
0 0.124 0.94 0.088 0.08
0 0.1555 0.8185 0.095 0.109
0 0.1865 0.7045 0.085 0.089
0 0.338 0.5835 0.066 0.065
0 0.3225 0.674 0.073 0.08
0 0.299 0.7745 0.082 0.087
0 0.455 0.6525 0.088 0.089
0 0.4815 0.463 0.083 0.09
0 0.524 0.5035 0.094 0.085
0 0.6715 0.2955 0.077 0.077
0 0.6925 0.3575 0.083 0.083
0 0.7305 0.415 0.091 0.092
0 0.8 0.2655 0.09 0.093
0 0.8355 0.146 0.075 0.078
0 0.8945 0.1865 0.077 0.083
0 0.93 0.0715 0.08 0.083
0 0.9675 0.112 0.063 0.076
0 0.9825 0.176 0.033 0.056
0 0.619 0.975 0.054 0.044
0 0.6675 0.955 0.081 0.086
0 0.742 0.907 0.066 0.078
0 0.8 0.8375 0.076 0.093
0 0.8695 0.7835 0.069 0.085
0 0.9195 0.742 0.071 0.08
0 0.9545 0.703 0.061 0.098
0 0.983 0.638 0.032 0.068
0 0.9105 0.9605 0.077 0.075
1 0.406 0.3755 0.164 0.203
1 0.2235 0.516 0.107 0.148
1 0.9635 0.6765 0.071 0.133
1 0.8655 0.774 0.089 0.126
1 0.798 0.8325 0.104 0.089
1 0.7275 0.913 0.109 0.122
1 0.649 0.953 0.094 0.088
1 0.788 0.068 0.148 0.136
1 0.0175 0.8305 0.035 0.093
