0 0.215 0.389 0.066 0.07
0 0.356 0.2745 0.066 0.071
0 0.3955 0.232 0.077 0.08
0 0.634 0.125 0.08 0.074
0 0.7215 0.0595 0.083 0.077
0 0.9425 0.1825 0.101 0.047
0 0.8315 0.19 0.095 0.062
0 0.6605 0.2435 0.077 0.067
0 0.5635 0.298 0.083 0.076
0 0.476 0.373 0.08 0.074
0 0.407 0.425 0.07 0.072
0 0.3165 0.497 0.083 0.09
0 0.1345 0.656 0.075 0.086
0 0.064 0.7205 0.072 0.077
0 0.017 0.7655 0.034 0.057
1 0.085 0.3935 0.07 0.097
1 0.234 0.329 0.114 0.138
1 0.3795 0.238 0.135 0.168
1 0.533 0.084 0.106 0.122
1 0.576 0.5385 0.11 0.115
1 0.872 0.3425 0.234 0.171
