0 0.0925 0.317 0.069 0.086
0 0.1265 0.2825 0.067 0.089
0 0.1675 0.262 0.069 0.1
0 0.2 0.2305 0.08 0.083
0 0.241 0.1935 0.072 0.085
0 0.3105 0.149 0.081 0.092
0 0.3515 0.1165 0.077 0.091
0 0.4135 0.0575 0.081 0.073
0 0.4485 0.0355 0.075 0.071
0 0.5005 0.022 0.047 0.04
0 0.646 0.0775 0.082 0.085
0 0.563 0.1445 0.08 0.071
0 0.4785 0.212 0.093 0.088
0 0.4 0.277 0.078 0.078
0 0.2575 0.396 0.063 0.068
0 0.194 0.4555 0.072 0.067
0 0.101 0.5245 0.072 0.071
0 0.02 0.6 0.04 0.068
1 0.7495 0.2065 0.147 0.147
1 0.19 0.183 0.118 0.182
1 0.3685 0.0885 0.181 0.137
