0 0.9705 0.047 0.057 0.094
0 0.7245 0.024 0.085 0.038
0 0.716 0.0695 0.098 0.051
0 0.7005 0.1085 0.099 0.059
0 0.6915 0.16 0.091 0.064
0 0.6595 0.222 0.089 0.06
0 0.6425 0.273 0.095 0.072
0 0.6235 0.326 0.099 0.066
0 0.576 0.4185 0.09 0.077
0 0.5595 0.469 0.091 0.076
0 0.519 0.5665 0.082 0.067
0 0.4925 0.599 0.079 0.076
0 0.461 0.6445 0.088 0.089
0 0.4045 0.723 0.091 0.078
0 0.381 0.7745 0.09 0.085
0 0.347 0.809 0.088 0.082
0 0.3365 0.861 0.103 0.08
0 0.303 0.9085 0.096 0.081
0 0.2765 0.949 0.099 0.082
0 0.232 0.977 0.072 0.042
0 0.4025 0.3635 0.075 0.089
0 0.3495 0.483 0.081 0.09
0 0.2925 0.5815 0.079 0.093
0 0.2295 0.6725 0.083 0.089
0 0.167 0.774 0.086 0.094
