0 0.07 0.329 0.052 0.096
0 0.119 0.3335 0.056 0.097
0 0.093 0.6075 0.044 0.091
0 0.145 0.611 0.048 0.094
0 0.2385 0.6095 0.049 0.101
0 0.2955 0.621 0.047 0.094
0 0.345 0.6235 0.034 0.089
0 0.4395 0.615 0.041 0.102
0 0.4895 0.6165 0.045 0.105
0 0.5415 0.62 0.035 0.086
0 0.591 0.62 0.048 0.112
0 0.6435 0.615 0.039 0.086
0 0.842 0.6025 0.046 0.097
0 0.9415 0.5995 0.047 0.103
0 0.877 0.3065 0.054 0.097
0 0.929 0.3205 0.05 0.099
0 0.825 0.2985 0.058 0.113
0 0.7385 0.274 0.059 0.1
0 0.518 0.234 0.054 0.102
0 0.4725 0.2075 0.057 0.089
0 0.385 0.186 0.058 0.076
0 0.1655 0.144 0.061 0.094
0 0.0335 0.1065 0.057 0.097
0 0.398 0.375 0.098 0.06
0 0.277 0.365 0.046 0.086
0 0.2305 0.3635 0.051 0.083
