0 0.0355 0.5 0.069 0.05
0 0.15 0.6895 0.072 0.085
0 0.197 0.7275 0.056 0.071
0 0.2345 0.76 0.053 0.086
0 0.333 0.786 0.036 0.084
0 0.39 0.8025 0.044 0.073
0 0.1125 0.832 0.083 0.082
0 0.819 0.0115 0.078 0.023
0 0.965 0.026 0.038 0.048
0 0.808 0.072 0.078 0.044
0 0.806 0.123 0.08 0.042
0 0.795 0.173 0.084 0.038
0 0.796 0.2305 0.076 0.047
0 0.7855 0.2795 0.081 0.047
0 0.7835 0.3545 0.073 0.051
0 0.8375 0.4205 0.049 0.105
0 0.902 0.397 0.046 0.062
0 0.9535 0.403 0.037 0.066
0 0.9865 0.192 0.025 0.08
