0 0.509 0.2935 0.086 0.051
0 0.464 0.4305 0.096 0.049
0 0.455 0.479 0.076 0.042
0 0.412 0.627 0.08 0.04
0 0.4095 0.685 0.087 0.062
0 0.3865 0.78 0.091 0.052
0 0.3655 0.835 0.079 0.052
0 0.3515 0.9245 0.087 0.047
0 0.336 0.974 0.084 0.038
0 0.815 0.209 0.086 0.046
0 0.808 0.263 0.076 0.052
0 0.81 0.3185 0.086 0.049
0 0.7965 0.366 0.077 0.05
0 0.6585 0.5485 0.081 0.047
0 0.7555 0.566 0.075 0.048
0 0.6365 0.6515 0.101 0.049
0 0.7435 0.66 0.079 0.052
0 0.5935 0.852 0.095 0.048
0 0.664 0.9325 0.084 0.049
0 0.6415 0.98 0.083 0.036
0 0.983 0.2985 0.03 0.039
0 0.9645 0.395 0.067 0.06
0 0.961 0.45 0.068 0.054
0 0.943 0.546 0.09 0.056
0 0.9215 0.657 0.073 0.044
0 0.911 0.7105 0.082 0.057
