0 0.041 0.234 0.042 0.1
0 0.1635 0.239 0.035 0.09
0 0.2145 0.249 0.043 0.104
0 0.337 0.3335 0.098 0.049
0 0.0105 0.4475 0.021 0.075
0 0.1065 0.454 0.039 0.086
0 0.162 0.4485 0.038 0.087
0 0.2125 0.4515 0.033 0.087
0 0.31 0.454 0.034 0.096
0 0.362 0.4515 0.042 0.101
0 0.4125 0.4475 0.039 0.085
0 0.4575 0.449 0.037 0.096
0 0.611 0.446 0.038 0.102
0 0.667 0.4425 0.04 0.109
0 0.9425 0.54 0.079 0.07
0 0.948 0.5995 0.07 0.065
0 0.949 0.7165 0.08 0.069
0 0.9455 0.831 0.091 0.08
0 0.6365 0.859 0.037 0.082
0 0.206 0.953 0.084 0.04
