0 0.0885 0.1925 0.045 0.087
0 0.0635 0.027 0.037 0.05
0 0.1105 0.031 0.039 0.052
0 0.2085 0.033 0.043 0.062
0 0.264 0.033 0.044 0.062
0 0.3715 0.032 0.037 0.064
0 0.423 0.0405 0.04 0.077
0 0.4695 0.0435 0.043 0.081
0 0.5175 0.04 0.037 0.074
0 0.138 0.204 0.038 0.084
0 0.191 0.2035 0.046 0.095
0 0.2385 0.21 0.047 0.092
0 0.29 0.21 0.042 0.082
0 0.37 0.2065 0.038 0.085
0 0.4265 0.21 0.043 0.092
0 0.534 0.3255 0.088 0.065
0 0.5285 0.4185 0.083 0.055
0 0.41 0.447 0.044 0.062
0 0.298 0.4325 0.05 0.075
0 0.25 0.4265 0.048 0.067
0 0.0575 0.4145 0.051 0.097
0 0.0135 0.3955 0.027 0.059
0 0.1255 0.2705 0.087 0.057
0 0.226 0.2835 0.076 0.041
0 0.327 0.285 0.1 0.048
