0 0.1695 0.0475 0.045 0.089
0 0.1245 0.2575 0.043 0.083
0 0.022 0.2965 0.04 0.099
0 0.2045 0.2675 0.039 0.091
0 0.3495 0.4175 0.079 0.055
0 0.446 0.4075 0.09 0.055
0 0.549 0.3855 0.086 0.051
0 0.2685 0.559 0.041 0.092
0 0.3135 0.5585 0.037 0.091
0 0.3615 0.557 0.045 0.08
0 0.4095 0.552 0.043 0.094
0 0.545 0.5975 0.086 0.085
0 0.5795 0.642 0.073 0.07
0 0.6045 0.6865 0.069 0.061
0 0.697 0.434 0.082 0.078
0 0.731 0.466 0.082 0.072
0 0.7595 0.5135 0.091 0.081
0 0.7895 0.5575 0.083 0.075
0 0.827 0.59 0.082 0.08
0 0.852 0.633 0.09 0.072
0 0.879 0.6735 0.086 0.077
0 0.9075 0.715 0.085 0.082
0 0.9385 0.742 0.087 0.082
0 0.961 0.7845 0.074 0.077
0 0.984 0.826 0.03 0.064
0 0.8095 0.9215 0.071 0.071
0 0.767 0.882 0.082 0.096
0 0.736 0.8455 0.092 0.085
0 0.7085 0.801 0.083 0.074
0 0.6725 0.7725 0.075 0.073
0 0.932 0.9825 0.042 0.029
