0 0.1725 0.188 0.079 0.048
0 0.2815 0.205 0.091 0.042
0 0.4025 0.214 0.091 0.06
0 0.504 0.227 0.088 0.052
0 0.767 0.062 0.048 0.1
0 0.5675 0.3375 0.053 0.107
0 0.614 0.3515 0.04 0.087
0 0.7975 0.3515 0.095 0.057
0 0.683 0.5645 0.052 0.085
0 0.63 0.5645 0.05 0.099
0 0.5645 0.756 0.047 0.094
0 0.842 0.5675 0.096 0.045
0 0.8425 0.6165 0.085 0.035
0 0.8325 0.6625 0.103 0.047
0 0.8205 0.717 0.079 0.05
0 0.825 0.767 0.09 0.042
0 0.9695 0.497 0.039 0.09
0 0.9055 0.517 0.077 0.09
0 0.948 0.8075 0.06 0.073
0 0.977 0.775 0.042 0.086
0 0.991 0.7255 0.016 0.043
0 0.6575 0.9825 0.029 0.031
