0 0.0235 0.4585 0.045 0.047
0 0.147 0.347 0.09 0.058
0 0.21 0.413 0.092 0.054
0 0.3115 0.393 0.085 0.056
0 0.413 0.278 0.098 0.062
0 0.3105 0.236 0.101 0.07
0 0.844 0.0895 0.104 0.059
0 0.82 0.1605 0.086 0.061
0 0.913 0.223 0.084 0.052
0 0.8245 0.246 0.081 0.054
0 0.6395 0.4105 0.051 0.095
0 0.6585 0.495 0.053 0.086
0 0.6755 0.616 0.037 0.082
0 0.694 0.7175 0.042 0.091
0 0.7115 0.8225 0.043 0.097
0 0.736 0.939 0.05 0.106
0 0.757 0.431 0.04 0.082
0 0.7745 0.517 0.045 0.09
0 0.7905 0.6215 0.043 0.075
0 0.8115 0.744 0.051 0.094
0 0.8345 0.8495 0.051 0.103
0 0.8465 0.9465 0.049 0.091
0 0.402 0.3635 0.076 0.059
0 0.493 0.3375 0.086 0.057
0 0.6555 0.6805 0.035 0.073
0 0.32 0.94 0.026 0.074
