0 0.037 0.115 0.042 0.092
0 0.1465 0.016 0.065 0.032
0 0.195 0.1355 0.124 0.043
0 0.4345 0.0165 0.057 0.033
0 0.4715 0.042 0.083 0.084
0 0.5 0.076 0.084 0.088
0 0.5045 0.1505 0.087 0.081
0 0.5425 0.192 0.083 0.07
0 0.586 0.2555 0.086 0.077
0 0.6775 0.454 0.079 0.082
0 0.8425 0.251 0.093 0.064
0 0.449 0.6155 0.078 0.053
0 0.449 0.665 0.09 0.052
0 0.2685 0.652 0.049 0.084
0 0.2145 0.659 0.045 0.09
0 0.4585 0.807 0.097 0.058
0 0.118 0.6755 0.058 0.111
0 0.0605 0.6745 0.047 0.075
0 0.02 0.699 0.038 0.084
0 0.014 0.4775 0.026 0.099
0 0.8445 0.9815 0.105 0.033
0 0.6235 0.4165 0.035 0.071
0 0.6735 0.0155 0.053 0.027
