0 0.2575 0.2515 0.045 0.089
0 0.327 0.0395 0.044 0.079
0 0.421 0.0575 0.05 0.105
0 0.5135 0.1045 0.087 0.081
0 0.523 0.1685 0.084 0.087
0 0.3445 0.155 0.045 0.102
0 0.3725 0.305 0.045 0.092
0 0.28 0.382 0.044 0.098
0 0.4 0.431 0.06 0.102
0 0.437 0.5485 0.052 0.097
0 0.4695 0.6555 0.057 0.093
0 0.602 0.642 0.096 0.08
0 0.6165 0.7495 0.075 0.067
0 0.624 0.8275 0.076 0.067
0 0.6475 0.948 0.081 0.074
0 0.4885 0.773 0.059 0.102
0 0.3 0.4885 0.046 0.097
0 0.3095 0.595 0.043 0.094
0 0.3295 0.7055 0.055 0.097
0 0.345 0.8045 0.046 0.093
0 0.364 0.9115 0.05 0.091
0 0.4275 0.9575 0.045 0.079
0 0.3755 0.9815 0.037 0.033
0 0.629 0.0395 0.028 0.075
