0 0.451 0.1895 0.04 0.099
0 0.499 0.188 0.044 0.088
0 0.549 0.168 0.04 0.098
0 0.6515 0.169 0.043 0.084
0 0.7045 0.1725 0.045 0.087
0 0.761 0.1695 0.046 0.099
0 0.809 0.1505 0.04 0.097
0 0.8625 0.1605 0.043 0.087
0 0.967 0.1395 0.042 0.095
0 0.9925 0.1245 0.013 0.089
0 0.978 0.237 0.04 0.092
0 0.9255 0.244 0.047 0.094
0 0.8705 0.256 0.039 0.09
0 0.8195 0.252 0.039 0.082
0 0.761 0.2665 0.04 0.089
0 0.713 0.261 0.044 0.084
0 0.5605 0.275 0.045 0.102
0 0.4645 0.29 0.045 0.092
0 0.6485 0.4625 0.045 0.089
0 0.547 0.505 0.046 0.09
0 0.4915 0.505 0.051 0.094
0 0.3865 0.531 0.045 0.088
0 0.266 0.569 0.046 0.082
0 0.211 0.577 0.048 0.08
0 0.398 0.678 0.096 0.068
0 0.528 0.6305 0.092 0.067
0 0.6295 0.598 0.079 0.058
0 0.738 0.569 0.088 0.062
0 0.769 0.7295 0.056 0.097
0 0.708 0.7375 0.046 0.067
0 0.6545 0.754 0.053 0.09
0 0.5475 0.802 0.053 0.082
0 0.388 0.8505 0.044 0.095
0 0.957 0.694 0.06 0.124
0 0.9105 0.7125 0.049 0.121
0 0.8485 0.7285 0.057 0.141
