0 0.128 0.468 0.034 0.094
0 0.231 0.515 0.06 0.09
0 0.266 0.571 0.04 0.088
0 0.322 0.5995 0.04 0.103
0 0.3755 0.6335 0.043 0.097
0 0.4315 0.665 0.041 0.102
0 0.4855 0.699 0.035 0.094
0 0.539 0.723 0.034 0.092
0 0.6415 0.688 0.079 0.098
0 0.2035 0.7625 0.075 0.093
0 0.143 0.7295 0.07 0.087
0 0.2465 0.0785 0.073 0.081
0 0.263 0.015 0.074 0.03
0 0.4605 0.043 0.073 0.082
0 0.509 0.0825 0.076 0.095
0 0.558 0.109 0.072 0.09
0 0.614 0.143 0.07 0.102
0 0.694 0.2015 0.068 0.081
0 0.7335 0.2275 0.065 0.083
0 0.819 0.2875 0.072 0.097
0 0.8585 0.3245 0.067 0.091
0 0.9125 0.3475 0.065 0.077
0 0.702 0.4065 0.042 0.091
0 0.651 0.3735 0.038 0.085
0 0.6045 0.342 0.043 0.098
0 0.55 0.3095 0.042 0.091
0 0.9655 0.484 0.065 0.062
0 0.952 0.5525 0.082 0.065
0 0.922 0.5935 0.078 0.073
0 0.8935 0.636 0.083 0.072
0 0.868 0.6835 0.076 0.065
0 0.8285 0.7275 0.073 0.067
0 0.793 0.7725 0.084 0.073
0 0.749 0.811 0.062 0.09
0 0.7185 0.862 0.069 0.098
0 0.6775 0.9225 0.065 0.095
