0 0.2485 0.184 0.091 0.046
0 0.1405 0.201 0.079 0.05
0 0.041 0.213 0.082 0.058
0 0.026 0.383 0.052 0.044
0 0.1135 0.3655 0.081 0.049
0 0.2075 0.3475 0.085 0.057
0 0.5595 0.03 0.055 0.06
0 0.8975 0.0675 0.101 0.065
0 0.9305 0.2175 0.087 0.063
0 0.826 0.2425 0.104 0.061
0 0.6155 0.364 0.059 0.092
0 0.5945 0.475 0.049 0.104
0 0.554 0.658 0.046 0.086
0 0.5335 0.761 0.047 0.09
0 0.485 0.955 0.052 0.084
0 0.512 0.861 0.052 0.104
0 0.4475 0.498 0.055 0.104
0 0.39 0.594 0.096 0.06
0 0.3765 0.638 0.089 0.056
0 0.3645 0.685 0.087 0.058
0 0.352 0.733 0.104 0.062
0 0.348 0.7895 0.092 0.057
0 0.3255 0.847 0.085 0.048
0 0.3085 0.889 0.085 0.052
0 0.3035 0.939 0.091 0.052
0 0.2895 0.986 0.091 0.022
