0 0.6935 0.0895 0.057 0.099
0 0.816 0.1105 0.066 0.083
0 0.808 0.032 0.044 0.064
0 0.823 0.284 0.092 0.05
0 0.809 0.3285 0.076 0.041
0 0.738 0.383 0.056 0.104
0 0.71 0.2995 0.052 0.097
0 0.8115 0.377 0.077 0.052
0 0.7975 0.423 0.085 0.054
0 0.795 0.475 0.054 0.04
0 0.784 0.5165 0.092 0.063
0 0.778 0.574 0.102 0.082
0 0.694 0.551 0.042 0.102
0 0.763 0.73 0.082 0.056
0 0.7525 0.7785 0.099 0.065
0 0.671 0.797 0.056 0.082
0 0.5835 0.5455 0.097 0.077
0 0.587 0.469 0.078 0.066
0 0.5805 0.255 0.073 0.062
0 0.522 0.303 0.082 0.05
0 0.458 0.191 0.096 0.07
0 0.36 0.219 0.086 0.06
0 0.2565 0.2465 0.091 0.059
0 0.15 0.2725 0.09 0.061
0 0.049 0.3055 0.092 0.065
0 0.183 0.374 0.086 0.062
0 0.348 0.3295 0.078 0.053
0 0.5825 0.602 0.073 0.056
0 0.5575 0.73 0.085 0.072
0 0.562 0.796 0.082 0.07
0 0.5475 0.8545 0.079 0.073
0 0.538 0.923 0.082 0.07
0 0.522 0.9775 0.086 0.041
0 0.733 0.8825 0.08 0.067
0 0.717 0.936 0.094 0.072
0 0.705 0.9795 0.076 0.035
