0 0.117 0.2625 0.09 0.061
0 0.3645 0.199 0.103 0.066
0 0.3325 0.076 0.095 0.066
0 0.613 0.0215 0.084 0.043
0 0.491 0.5805 0.078 0.057
0 0.3475 0.6205 0.099 0.063
0 0.2205 0.657 0.101 0.064
0 0.123 0.68 0.084 0.058
0 0.037 0.708 0.072 0.052
0 0.209 0.776 0.11 0.07
0 0.243 0.702 0.06 0.05
0 0.323 0.7435 0.098 0.065
0 0.772 0.719 0.04 0.06
0 0.7865 0.796 0.045 0.09
0 0.8055 0.8955 0.043 0.079
0 0.816 0.9665 0.052 0.061
0 0.651 0.8035 0.046 0.095
0 0.6665 0.906 0.049 0.092
0 0.679 0.9765 0.042 0.043
0 0.862 0.4755 0.104 0.065
0 0.8785 0.5895 0.077 0.055
0 0.9825 0.559 0.033 0.052
