0 0.032 0.7225 0.064 0.065
0 0.117 0.7065 0.094 0.061
0 0.2185 0.683 0.085 0.056
0 0.3705 0.6515 0.083 0.065
0 0.459 0.643 0.09 0.058
0 0.6185 0.608 0.089 0.052
0 0.7175 0.59 0.077 0.058
0 0.809 0.577 0.088 0.05
0 0.8165 0.708 0.101 0.052
0 0.651 0.7355 0.088 0.045
0 0.503 0.759 0.074 0.05
0 0.424 0.768 0.072 0.044
0 0.318 0.7935 0.098 0.059
0 0.197 0.817 0.086 0.052
0 0.094 0.829 0.086 0.058
0 0.0235 0.845 0.047 0.05
0 0.858 0.127 0.046 0.09
0 0.8805 0.252 0.049 0.108
0 0.901 0.3575 0.048 0.095
0 0.9155 0.449 0.051 0.094
0 0.955 0.056 0.046 0.094
0 0.9725 0.155 0.043 0.08
0 0.981 0.249 0.036 0.102
0 0.9915 0.3515 0.015 0.101
