0 0.1745 0.038 0.043 0.076
0 0.208 0.1945 0.042 0.093
0 0.3475 0.097 0.041 0.076
0 0.364 0.215 0.042 0.094
0 0.226 0.309 0.044 0.106
0 0.2455 0.4255 0.047 0.109
0 0.389 0.322 0.05 0.094
0 0.408 0.4275 0.048 0.089
0 0.266 0.538 0.048 0.092
0 0.2815 0.6375 0.049 0.095
0 0.3025 0.738 0.047 0.088
0 0.425 0.544 0.044 0.09
0 0.439 0.6425 0.044 0.083
0 0.321 0.842 0.048 0.092
0 0.3375 0.94 0.049 0.11
0 0.496 0.9005 0.048 0.097
0 0.507 0.9725 0.044 0.051
0 0.7965 0.2725 0.109 0.057
0 0.837 0.059 0.058 0.118
0 0.724 0.4175 0.058 0.103
0 0.7505 0.524 0.051 0.104
