0 0.028 0.8805 0.054 0.049
0 0.2115 0.8505 0.097 0.059
0 0.3055 0.8285 0.069 0.047
0 0.4015 0.817 0.079 0.046
0 0.121 0.9795 0.094 0.037
0 0.2165 0.972 0.091 0.046
0 0.321 0.9525 0.096 0.059
0 0.505 0.92 0.094 0.052
0 0.5995 0.91 0.083 0.056
0 0.616 0.7835 0.076 0.049
0 0.4995 0.8025 0.087 0.053
0 0.719 0.752 0.078 0.058
0 0.8095 0.7395 0.087 0.053
0 0.9225 0.7185 0.087 0.049
0 0.985 0.7085 0.028 0.053
0 0.9755 0.828 0.047 0.05
0 0.9035 0.8465 0.089 0.047
0 0.799 0.8665 0.092 0.047
0 0.6875 0.891 0.087 0.058
