0 0.341 0.048 0.042 0.086
0 0.3585 0.142 0.045 0.1
0 0.3805 0.242 0.047 0.084
0 0.3995 0.3445 0.039 0.077
0 0.419 0.444 0.048 0.104
0 0.512 0.096 0.044 0.092
0 0.523 0.196 0.042 0.086
0 0.5435 0.3085 0.055 0.097
0 0.5645 0.419 0.055 0.096
0 0.043 0.6735 0.086 0.067
0 0.153 0.649 0.096 0.066
0 0.329 0.621 0.098 0.056
0 0.3 0.7435 0.108 0.059
0 0.1785 0.7695 0.093 0.065
0 0.063 0.7935 0.086 0.053
0 0.589 0.5035 0.042 0.079
0 0.487 0.8545 0.04 0.079
0 0.504 0.941 0.044 0.082
0 0.612 0.882 0.102 0.232
0 0.925 0.2955 0.048 0.095
0 0.974 0.2945 0.05 0.095
