0 0.1115 0.1885 0.069 0.095
0 0.063 0.1665 0.068 0.093
0 0.142 0.044 0.076 0.088
0 0.226 0.028 0.06 0.056
0 0.735 0.3145 0.068 0.091
0 0.781 0.341 0.066 0.074
0 0.828 0.384 0.074 0.082
0 0.8685 0.4205 0.067 0.085
0 0.893 0.222 0.07 0.062
0 0.2135 0.927 0.067 0.086
0 0.4375 0.597 0.067 0.092
0 0.3745 0.674 0.057 0.096
0 0.4355 0.8535 0.065 0.073
0 0.4835 0.8775 0.063 0.085
0 0.522 0.916 0.068 0.072
0 0.58 0.71 0.09 0.068
0 0.9635 0.6875 0.071 0.077
0 0.9545 0.7455 0.089 0.071
0 0.512 0.028 0.078 0.05
