0 0.06 0.268 0.076 0.088
0 0.0235 0.236 0.047 0.088
0 0.077 0.1245 0.064 0.089
0 0.1225 0.1595 0.075 0.087
0 0.2 0.2255 0.074 0.097
0 0.2775 0.273 0.063 0.084
0 0.368 0.339 0.07 0.088
0 0.451 0.3885 0.068 0.091
0 0.494 0.4235 0.066 0.091
0 0.441 0.5075 0.066 0.081
0 0.3935 0.4885 0.053 0.085
0 0.56 0.5885 0.064 0.085
0 0.587 0.466 0.07 0.078
0 0.5375 0.4445 0.075 0.097
0 0.526 0.188 0.068 0.086
0 0.536 0.0555 0.07 0.083
0 0.4055 0.102 0.067 0.08
0 0.314 0.057 0.062 0.092
0 0.6535 0.2705 0.065 0.079
0 0.7785 0.3575 0.071 0.077
0 0.9005 0.4375 0.063 0.079
0 0.949 0.4605 0.07 0.077
0 0.9755 0.4975 0.047 0.085
0 0.762 0.637 0.078 0.09
0 0.8005 0.669 0.069 0.094
0 0.848 0.696 0.074 0.094
0 0.8915 0.719 0.077 0.094
0 0.933 0.751 0.07 0.098
0 0.739 0.0235 0.066 0.047
0 0.917 0.1225 0.062 0.073
0 0.2255 0.015 0.043 0.03
