0 0.876 0.0305 0.092 0.057
0 0.874 0.088 0.1 0.07
0 0.8695 0.136 0.087 0.048
0 0.8455 0.242 0.099 0.064
0 0.8325 0.2965 0.099 0.061
0 0.8235 0.3615 0.099 0.055
0 0.826 0.4125 0.088 0.053
0 0.7995 0.522 0.093 0.058
0 0.7965 0.5785 0.087 0.059
0 0.787 0.6365 0.106 0.059
0 0.7755 0.6965 0.089 0.053
0 0.7695 0.7475 0.099 0.061
0 0.7395 0.9245 0.087 0.067
0 0.417 0.9765 0.086 0.043
0 0.2085 0.916 0.091 0.056
0 0.096 0.885 0.096 0.066
0 0.018 0.844 0.036 0.058
0 0.056 0.9825 0.092 0.031
0 0.9855 0.876 0.027 0.1
0 0.9785 0.964 0.041 0.068
