0 0.4435 0.047 0.051 0.084
0 0.4715 0.142 0.045 0.1
0 0.482 0.2405 0.044 0.091
0 0.498 0.353 0.048 0.092
0 0.5195 0.4495 0.051 0.103
0 0.5345 0.5455 0.051 0.095
0 0.6395 0.3985 0.047 0.101
0 0.6545 0.488 0.041 0.086
0 0.621 0.2805 0.048 0.093
0 0.599 0.178 0.046 0.08
0 0.583 0.072 0.054 0.104
0 0.839 0.6325 0.096 0.057
0 0.955 0.611 0.088 0.06
0 0.798 0.8435 0.09 0.053
0 0.6955 0.863 0.103 0.062
0 0.5885 0.8855 0.105 0.059
0 0.4815 0.9025 0.087 0.059
0 0.372 0.925 0.098 0.062
0 0.2785 0.9425 0.085 0.055
0 0.1655 0.961 0.093 0.044
0 0.019 0.9795 0.038 0.037
