0 0.5775 0.359 0.093 0.05
0 0.6545 0.021 0.099 0.042
0 0.6475 0.0575 0.071 0.055
0 0.635 0.1015 0.08 0.061
0 0.626 0.1505 0.102 0.043
0 0.6095 0.197 0.087 0.056
0 0.604 0.25 0.106 0.068
0 0.5765 0.302 0.063 0.056
0 0.5565 0.459 0.093 0.062
0 0.5395 0.5005 0.091 0.061
0 0.534 0.548 0.088 0.05
0 0.5205 0.598 0.085 0.056
0 0.5055 0.6345 0.085 0.065
0 0.498 0.6975 0.102 0.051
0 0.4945 0.752 0.095 0.06
0 0.4635 0.8455 0.087 0.055
0 0.4795 0.8055 0.087 0.053
0 0.4495 0.891 0.093 0.076
0 0.4405 0.9495 0.093 0.053
0 0.6465 0.8 0.051 0.106
0 0.628 0.9245 0.052 0.091
0 0.7025 0.5715 0.053 0.103
0 0.737 0.4635 0.048 0.089
0 0.766 0.3585 0.05 0.087
0 0.789 0.245 0.056 0.1
0 0.814 0.1425 0.052 0.073
0 0.8355 0.047 0.047 0.09
0 0.3745 0.962 0.069 0.054
