0 0.138 0.568 0.048 0.086
0 0.1925 0.5555 0.049 0.097
0 0.611 0.588 0.094 0.05
0 0.5995 0.641 0.087 0.044
0 0.5835 0.742 0.109 0.086
0 0.515 0.941 0.054 0.102
0 0.6695 0.741 0.053 0.082
0 0.712 0.797 0.046 0.088
0 0.685 0.9025 0.054 0.105
0 0.664 0.975 0.042 0.04
0 0.6495 0.4455 0.099 0.049
0 0.656 0.395 0.084 0.036
0 0.672 0.3435 0.1 0.067
0 0.6795 0.2785 0.095 0.067
0 0.6915 0.2265 0.095 0.065
0 0.724 0.101 0.098 0.08
0 0.734 0.037 0.086 0.068
0 0.865 0.0955 0.054 0.091
0 0.847 0.2 0.054 0.088
0 0.8185 0.32 0.055 0.108
