0 0.13 0.16 0.048 0.08
0 0.1745 0.171 0.047 0.09
0 0.226 0.18 0.05 0.096
0 0.1995 0.318 0.089 0.062
0 0.3065 0.2155 0.047 0.099
0 0.358 0.2125 0.04 0.093
0 0.402 0.233 0.052 0.106
0 0.02 0.6695 0.04 0.037
0 0.099 0.69 0.088 0.064
0 0.193 0.714 0.068 0.052
0 0.2855 0.732 0.083 0.042
0 0.3775 0.7545 0.091 0.047
0 0.4765 0.7745 0.077 0.051
0 0.58 0.8025 0.092 0.059
0 0.694 0.8245 0.074 0.049
0 0.7765 0.844 0.081 0.052
0 0.9515 0.8845 0.095 0.065
0 0.594 0.9495 0.082 0.053
0 0.5015 0.927 0.055 0.056
0 0.4095 0.9055 0.091 0.059
0 0.319 0.891 0.084 0.046
0 0.2215 0.86 0.095 0.062
0 0.124 0.841 0.09 0.06
0 0.032 0.8185 0.064 0.049
