0 0.05 0.3755 0.078 0.053
0 0.142 0.36 0.086 0.046
0 0.234 0.3445 0.074 0.041
0 0.3485 0.4655 0.083 0.077
0 0.505 0.4335 0.048 0.077
0 0.463 0.607 0.054 0.1
0 0.446 0.698 0.04 0.08
0 0.4215 0.801 0.049 0.086
0 0.397 0.9025 0.048 0.083
0 0.2325 0.968 0.073 0.058
0 0.254 0.9075 0.084 0.073
0 0.3405 0.536 0.093 0.08
0 0.3185 0.608 0.081 0.064
0 0.31 0.668 0.082 0.074
0 0.2955 0.731 0.075 0.056
0 0.2805 0.7885 0.093 0.059
0 0.2635 0.848 0.083 0.068
0 0.6975 0.292 0.097 0.054
0 0.801 0.2755 0.09 0.055
0 0.9255 0.2495 0.083 0.057
0 0.3845 0.036 0.063 0.068
0 0.4325 0.024 0.051 0.042
0 0.502 0.016 0.058 0.032
0 0.073 0.021 0.048 0.042
