0 0.1285 0.247 0.053 0.086
0 0.113 0.3465 0.048 0.093
0 0.1575 0.144 0.053 0.094
0 0.1835 0.046 0.053 0.086
0 0.039 0.097 0.078 0.066
0 0.0425 0.0255 0.085 0.051
0 0.4275 0.5605 0.093 0.053
0 0.2445 0.5185 0.103 0.059
0 0.2005 0.6565 0.079 0.043
0 0.2895 0.6795 0.089 0.057
0 0.4005 0.7005 0.093 0.061
0 0.514 0.726 0.094 0.052
0 0.621 0.7515 0.092 0.053
0 0.702 0.72 0.126 0.07
0 0.7235 0.779 0.081 0.046
0 0.824 0.8005 0.088 0.049
0 0.9225 0.8185 0.083 0.051
0 0.9795 0.6865 0.039 0.053
0 0.904 0.6695 0.068 0.053
0 0.7935 0.645 0.089 0.068
0 0.627 0.6095 0.092 0.055
0 0.5265 0.587 0.089 0.06
0 0.019 0.776 0.038 0.106
