0 0.318 0.356 0.072 0.118
0 0.3625 0.1625 0.049 0.083
0 0.232 0.071 0.072 0.06
0 0.25 0.016 0.092 0.026
0 0.22 0.1385 0.078 0.059
0 0.2115 0.195 0.095 0.076
0 0.1975 0.257 0.095 0.076
0 0.181 0.3235 0.084 0.061
0 0.1685 0.3835 0.097 0.059
0 0.1575 0.4445 0.089 0.067
0 0.282 0.511 0.06 0.106
0 0.2525 0.6305 0.053 0.097
0 0.231 0.735 0.056 0.094
0 0.2075 0.839 0.047 0.086
0 0.182 0.942 0.054 0.104
0 0.131 0.55 0.09 0.074
0 0.111 0.6155 0.072 0.061
0 0.098 0.695 0.08 0.068
0 0.0765 0.8015 0.093 0.071
0 0.058 0.8645 0.086 0.065
0 0.0435 0.9245 0.085 0.073
0 0.039 0.9825 0.074 0.029
0 0.98 0.5285 0.038 0.053
0 0.399 0.0225 0.046 0.045
