0 0.057 0.329 0.094 0.05
0 0.0645 0.4205 0.117 0.061
0 0.0625 0.534 0.125 0.072
0 0.085 0.588 0.116 0.056
0 0.099 0.648 0.144 0.074
0 0.117 0.7005 0.132 0.069
0 0.1235 0.7565 0.113 0.067
0 0.1555 0.8055 0.103 0.059
0 0.2475 0.926 0.077 0.076
0 0.304 0.9145 0.076 0.075
0 0.362 0.8925 0.076 0.081
0 0.3895 0.847 0.085 0.058
0 0.533 0.4125 0.064 0.083
0 0.4955 0.32 0.103 0.068
0 0.46 0.227 0.076 0.042
0 0.4665 0.174 0.093 0.064
0 0.374 0.0455 0.064 0.087
0 0.4685 0.018 0.055 0.036
0 0.554 0.086 0.072 0.082
0 0.5985 0.061 0.061 0.08
0 0.6435 0.0365 0.061 0.069
0 0.813 0.029 0.066 0.054
0 0.6755 0.2315 0.099 0.061
0 0.6945 0.278 0.087 0.056
0 0.7115 0.324 0.081 0.054
0 0.7295 0.3645 0.081 0.055
0 0.737 0.4655 0.078 0.047
0 0.772 0.5605 0.088 0.049
0 0.774 0.622 0.078 0.048
0 0.7805 0.6715 0.071 0.045
0 0.8 0.7195 0.084 0.053
0 0.9285 0.608 0.051 0.088
0 0.8745 0.367 0.053 0.092
0 0.8635 0.268 0.057 0.07
