0 0.057 0.3085 0.042 0.087
0 0.0175 0.51 0.035 0.048
0 0.1895 0.475 0.071 0.052
0 0.1085 0.2995 0.037 0.067
0 0.1585 0.294 0.047 0.08
0 0.2085 0.293 0.041 0.086
0 0.2505 0.2775 0.047 0.099
0 0.3075 0.2685 0.047 0.095
0 0.3575 0.264 0.045 0.08
0 0.2965 0.0865 0.065 0.115
0 0.431 0.2375 0.04 0.073
0 0.476 0.236 0.046 0.094
0 0.547 0.047 0.054 0.09
0 0.523 0.221 0.036 0.076
0 0.5755 0.225 0.049 0.092
0 0.622 0.203 0.046 0.082
0 0.679 0.19 0.044 0.08
0 0.27 0.4615 0.09 0.055
0 0.405 0.4375 0.094 0.053
0 0.5105 0.418 0.083 0.05
0 0.615 0.4005 0.078 0.047
0 0.8275 0.421 0.075 0.062
0 0.7295 0.4015 0.091 0.047
0 0.9085 0.4775 0.069 0.065
0 0.974 0.535 0.05 0.08
0 0.321 0.8695 0.114 0.059
0 0.8935 0.951 0.057 0.08
