0 0.0115 0.0635 0.023 0.057
0 0.0695 0.1135 0.081 0.085
0 0.1625 0.1845 0.083 0.079
0 0.2395 0.25 0.075 0.074
0 0.3065 0.221 0.087 0.078
0 0.317 0.0805 0.078 0.091
0 0.2655 0.049 0.073 0.086
0 0.048 0.545 0.096 0.1
0 0.129 0.484 0.078 0.07
0 0.2085 0.4345 0.069 0.065
0 0.0665 0.7385 0.067 0.061
0 0.1505 0.688 0.073 0.074
0 0.2335 0.6315 0.075 0.077
0 0.309 0.5845 0.078 0.083
0 0.5555 0.454 0.075 0.078
0 0.5135 0.547 0.091 0.084
0 0.553 0.5835 0.086 0.083
0 0.5795 0.621 0.079 0.074
0 0.6135 0.6625 0.083 0.075
0 0.639 0.703 0.074 0.074
0 0.6615 0.7415 0.067 0.063
0 0.6975 0.7775 0.069 0.073
0 0.729 0.8125 0.074 0.073
0 0.765 0.8465 0.082 0.083
0 0.788 0.894 0.08 0.072
0 0.8265 0.9305 0.077 0.079
0 0.8565 0.972 0.069 0.052
0 0.943 0.718 0.08 0.068
0 0.9715 0.7465 0.055 0.071
0 0.9875 0.806 0.023 0.05
