0 0.2755 0.2885 0.079 0.071
0 0.3665 0.4145 0.079 0.081
0 0.4065 0.5865 0.079 0.071
0 0.266 0.6845 0.086 0.077
0 0.1515 0.7595 0.085 0.079
0 0.3535 0.826 0.079 0.082
0 0.26 0.888 0.08 0.076
0 0.1655 0.95 0.077 0.07
0 0.5825 0.815 0.075 0.08
0 0.739 0.569 0.094 0.072
0 0.6405 0.437 0.087 0.076
0 0.738 0.3685 0.086 0.077
0 0.8475 0.504 0.077 0.07
0 0.9285 0.4435 0.081 0.073
0 0.958 0.2255 0.082 0.073
0 0.8765 0.0785 0.091 0.075
0 0.764 0.152 0.056 0.092
0 0.6835 0.248 0.073 0.066
0 0.651 0.212 0.066 0.064
0 0.626 0.177 0.08 0.072
0 0.599 0.127 0.076 0.072
0 0.5725 0.0835 0.077 0.065
0 0.5355 0.0435 0.079 0.071
0 0.489 0.0185 0.046 0.033
0 0.4215 0.054 0.075 0.068
0 0.439 0.102 0.072 0.068
0 0.4655 0.149 0.077 0.072
0 0.4865 0.195 0.091 0.078
