0 0.0685 0.7455 0.099 0.059
0 0.0255 0.8715 0.051 0.045
0 0.0385 0.944 0.041 0.084
0 0.007 0.9425 0.014 0.075
0 0.1445 0.926 0.047 0.088
0 0.192 0.9065 0.042 0.085
0 0.246 0.905 0.046 0.094
0 0.2455 0.7595 0.089 0.055
0 0.274 0.811 0.094 0.052
0 0.335 0.8645 0.044 0.071
0 0.38 0.8525 0.052 0.089
0 0.4365 0.8495 0.053 0.095
0 0.3735 0.9735 0.089 0.043
0 0.5815 0.7435 0.077 0.047
0 0.5325 0.8255 0.047 0.083
0 0.6265 0.8055 0.045 0.083
0 0.7295 0.7825 0.041 0.077
0 0.7915 0.692 0.097 0.056
0 0.82 0.7635 0.048 0.083
0 0.925 0.7445 0.044 0.085
0 0.9255 0.6655 0.095 0.057
0 0.831 0.5695 0.092 0.053
0 0.9425 0.547 0.095 0.056
0 0.88 0.9575 0.046 0.081
0 0.936 0.9515 0.04 0.087
0 0.979 0.941 0.04 0.106
0 0.723 0.9795 0.04 0.037
