0 0.262 0.4265 0.092 0.055
0 0.2665 0.479 0.093 0.056
0 0.2795 0.535 0.095 0.05
0 0.2865 0.583 0.071 0.044
0 0.2935 0.6285 0.081 0.047
0 0.3125 0.7345 0.085 0.049
0 0.149 0.7825 0.048 0.085
0 0.1675 0.8795 0.047 0.101
0 0.5145 0.856 0.103 0.056
0 0.538 0.916 0.1 0.056
0 0.5525 0.9855 0.095 0.025
0 0.7435 0.895 0.081 0.056
0 0.942 0.761 0.086 0.048
0 0.9305 0.637 0.099 0.052
0 0.922 0.5815 0.104 0.053
0 0.8955 0.431 0.091 0.052
0 0.985 0.519 0.028 0.058
0 0.973 0.382 0.052 0.04
0 0.974 0.323 0.05 0.038
0 0.973 0.263 0.052 0.048
0 0.673 0.4115 0.104 0.063
0 0.6785 0.469 0.093 0.054
0 0.6845 0.531 0.093 0.054
0 0.7035 0.5795 0.103 0.045
0 0.707 0.6325 0.098 0.045
0 0.4835 0.643 0.101 0.054
0 0.4765 0.592 0.099 0.056
0 0.459 0.5465 0.08 0.059
0 0.447 0.4445 0.098 0.051
