0 0.019 0.2695 0.038 0.091
0 0.0075 0.043 0.015 0.086
0 0.039 0.0445 0.04 0.089
0 0.1455 0.0365 0.043 0.067
0 0.198 0.029 0.038 0.054
0 0.251 0.0265 0.04 0.053
0 0.374 0.08 0.094 0.058
0 0.9785 0.047 0.041 0.094
0 0.936 0.0605 0.044 0.093
0 0.8835 0.076 0.049 0.106
0 0.727 0.113 0.04 0.098
0 0.676 0.1165 0.042 0.091
0 0.625 0.131 0.05 0.098
0 0.58 0.1385 0.048 0.089
0 0.5255 0.1445 0.045 0.089
0 0.4755 0.158 0.059 0.11
0 0.431 0.1795 0.048 0.089
0 0.3815 0.1915 0.045 0.089
0 0.331 0.199 0.052 0.09
0 0.284 0.211 0.044 0.09
0 0.236 0.2155 0.044 0.089
0 0.19 0.227 0.044 0.082
0 0.1105 0.2475 0.041 0.083
0 0.089 0.529 0.082 0.044
0 0.1915 0.503 0.073 0.05
0 0.297 0.481 0.082 0.058
0 0.4045 0.455 0.079 0.05
0 0.508 0.4355 0.088 0.051
0 0.686 0.388 0.084 0.056
0 0.7905 0.3665 0.095 0.053
0 0.9045 0.337 0.099 0.056
0 0.082 0.705 0.052 0.09
0 0.01 0.879 0.02 0.088
0 0.0185 0.971 0.037 0.054
