0 0.0675 0.21 0.051 0.1
0 0.117 0.207 0.048 0.106
0 0.0455 0.413 0.091 0.052
0 0.1495 0.3905 0.087 0.057
0 0.2745 0.3725 0.079 0.047
0 0.2175 0.1985 0.043 0.079
0 0.32 0.1875 0.036 0.091
0 0.3765 0.3555 0.079 0.049
0 0.462 0.3395 0.09 0.059
0 0.892 0.0755 0.044 0.091
0 0.7825 0.2905 0.085 0.057
0 0.8685 0.282 0.083 0.05
0 0.96 0.414 0.078 0.056
0 0.7975 0.4405 0.085 0.045
0 0.703 0.4585 0.092 0.049
0 0.596 0.4755 0.094 0.047
0 0.491 0.4935 0.088 0.053
0 0.325 0.519 0.082 0.052
0 0.222 0.5345 0.092 0.053
0 0.116 0.549 0.092 0.052
0 0.0145 0.5675 0.029 0.049
0 0.027 0.019 0.04 0.034
