0 0.027 0.509 0.052 0.114
0 0.147 0.276 0.102 0.056
0 0.149 0.174 0.082 0.048
0 0.2325 0.114 0.085 0.056
0 0.23 0.0575 0.078 0.043
0 0.246 0.017 0.084 0.03
0 0.44 0.02 0.078 0.036
0 0.1635 0.42 0.081 0.05
0 0.179 0.472 0.082 0.052
0 0.271 0.444 0.09 0.04
0 0.189 0.612 0.072 0.04
0 0.277 0.569 0.084 0.054
0 0.217 0.772 0.088 0.05
0 0.264 0.9475 0.094 0.059
0 0.3455 0.7955 0.041 0.085
0 0.4535 0.7995 0.041 0.105
0 0.5025 0.804 0.041 0.098
0 0.6565 0.819 0.041 0.086
0 0.752 0.8195 0.038 0.083
0 0.8545 0.923 0.075 0.048
0 0.6115 0.364 0.051 0.098
0 0.507 0.277 0.092 0.046
0 0.51 0.392 0.082 0.052
