0 0.012 0.493 0.024 0.07
0 0.041 0.4715 0.062 0.083
0 0.1045 0.457 0.065 0.076
0 0.161 0.4495 0.074 0.079
0 0.2775 0.41 0.071 0.076
0 0.0355 0.6905 0.045 0.107
0 0.0865 0.6805 0.049 0.091
0 0.1425 0.6695 0.043 0.099
0 0.199 0.653 0.046 0.086
0 0.25 0.644 0.05 0.098
0 0.309 0.6135 0.052 0.111
0 0.3745 0.605 0.045 0.106
0 0.4465 0.627 0.053 0.096
0 0.699 0.854 0.04 0.084
0 0.8765 0.728 0.047 0.094
0 0.929 0.7205 0.046 0.083
0 0.529 0.419 0.044 0.09
0 0.577 0.414 0.044 0.092
0 0.626 0.4105 0.05 0.095
0 0.6745 0.3925 0.045 0.099
