0 0.0725 0.469 0.049 0.094
0 0.0185 0.6045 0.037 0.031
0 0.0275 0.7035 0.055 0.045
0 0.027 0.7545 0.054 0.047
0 0.227 0.722 0.088 0.044
0 0.209 0.6255 0.088 0.053
0 0.297 0.5605 0.092 0.049
0 0.315 0.657 0.092 0.05
0 0.3145 0.7805 0.087 0.051
0 0.231 0.9455 0.046 0.085
0 0.282 0.936 0.042 0.074
0 0.3285 0.924 0.037 0.1
0 0.4405 0.9085 0.051 0.089
0 0.489 0.914 0.044 0.1
0 0.543 0.9025 0.04 0.101
0 0.6445 0.886 0.049 0.11
0 0.694 0.8795 0.046 0.089
0 0.8485 0.742 0.093 0.05
0 0.8465 0.6925 0.093 0.041
0 0.835 0.644 0.092 0.044
0 0.9675 0.67 0.039 0.088
0 0.9455 0.4785 0.041 0.089
0 0.8945 0.0325 0.043 0.065
0 0.126 0.4665 0.042 0.077
0 0.175 0.4515 0.046 0.093
0 0.2515 0.4365 0.041 0.081
0 0.328 0.429 0.048 0.114
0 0.3785 0.4305 0.039 0.087
0 0.442 0.423 0.048 0.102
0 0.551 0.402 0.048 0.086
0 0.512 0.529 0.078 0.044
0 0.5125 0.5765 0.087 0.049
0 0.598 0.5185 0.086 0.053
0 0.6085 0.573 0.093 0.05
0 0.621 0.6285 0.084 0.047
0 0.6185 0.6815 0.087 0.047
0 0.812 0.484 0.09 0.046
0 0.824 0.5415 0.086 0.049
0 0.8365 0.366 0.041 0.088
0 0.79 0.3745 0.042 0.089
0 0.726 0.396 0.044 0.1
0 0.6635 0.39 0.045 0.082
0 0.612 0.397 0.046 0.09
