0 0.2345 0.2975 0.039 0.089
0 0.1545 0.861 0.089 0.054
0 0.0635 0.879 0.075 0.054
0 0.1615 0.955 0.079 0.056
0 0.263 0.928 0.072 0.05
0 0.4175 0.897 0.083 0.052
0 0.3475 0.821 0.095 0.056
0 0.4525 0.7965 0.095 0.053
0 0.5505 0.78 0.087 0.044
0 0.6385 0.764 0.077 0.042
0 0.586 0.9285 0.038 0.089
0 0.54 0.9435 0.04 0.083
0 0.635 0.916 0.036 0.086
0 0.681 0.91 0.04 0.092
0 0.726 0.901 0.042 0.086
0 0.776 0.8195 0.096 0.047
0 0.7955 0.863 0.081 0.05
0 0.8085 0.947 0.095 0.048
0 0.81 0.989 0.08 0.018
0 0.9705 0.28 0.057 0.036
0 0.981 0.3465 0.036 0.043
0 0.97 0.0635 0.058 0.051
0 0.8915 0.0205 0.037 0.041
0 0.842 0.0205 0.04 0.041
0 0.582 0.2345 0.102 0.049
0 0.5815 0.2815 0.097 0.045
0 0.982 0.177 0.034 0.048
