0 0.5935 0.3685 0.097 0.041
0 0.59 0.4105 0.086 0.041
0 0.5945 0.459 0.087 0.044
0 0.5875 0.508 0.091 0.056
0 0.599 0.8155 0.092 0.043
0 0.595 0.8625 0.096 0.039
0 0.595 0.907 0.094 0.044
0 0.7945 0.792 0.045 0.09
0 0.8055 0.6815 0.039 0.099
0 0.944 0.8625 0.098 0.055
0 0.9385 0.9185 0.099 0.049
0 0.9545 0.969 0.087 0.05
0 0.934 0.729 0.086 0.042
0 0.932 0.6795 0.096 0.045
0 0.929 0.6345 0.08 0.047
0 0.9335 0.586 0.095 0.05
0 0.9355 0.537 0.105 0.054
0 0.94 0.477 0.104 0.05
0 0.9355 0.426 0.097 0.062
0 0.809 0.2425 0.036 0.101
0 0.7655 0.2445 0.037 0.101
0 0.9135 0.2325 0.045 0.095
0 0.9625 0.2315 0.043 0.087
0 0.5845 0.621 0.091 0.078
