0 0.034 0.1415 0.042 0.081
0 0.083 0.1395 0.044 0.091
0 0.162 0.0505 0.076 0.047
0 0.26 0.026 0.072 0.048
0 0.588 0.0425 0.038 0.081
0 0.634 0.031 0.036 0.062
0 0.6845 0.031 0.039 0.062
0 0.807 0.05 0.094 0.042
0 0.809 0.1 0.078 0.036
0 0.8115 0.154 0.095 0.042
0 0.8125 0.2125 0.071 0.041
0 0.8255 0.264 0.073 0.034
0 0.833 0.3145 0.098 0.033
0 0.827 0.3615 0.086 0.037
0 0.824 0.413 0.086 0.042
0 0.8355 0.463 0.079 0.04
0 0.72 0.514 0.04 0.08
0 0.6715 0.521 0.041 0.08
0 0.803 0.6585 0.094 0.041
0 0.9375 0.73 0.081 0.04
0 0.7875 0.7285 0.087 0.041
0 0.686 0.7245 0.09 0.043
0 0.5795 0.724 0.087 0.044
0 0.497 0.59 0.09 0.04
0 0.3525 0.584 0.085 0.04
0 0.3415 0.658 0.091 0.046
0 0.161 0.516 0.036 0.094
0 0.115 0.5085 0.038 0.079
0 0.0585 0.5175 0.043 0.109
0 0.1105 0.9595 0.073 0.041
0 0.1 0.905 0.066 0.036
0 0.1135 0.853 0.065 0.042
