0 0.042 0.14 0.046 0.088
0 0.118 0.141 0.04 0.086
0 0.1685 0.1415 0.047 0.095
0 0.302 0.0965 0.054 0.083
0 0.572 0.484 0.092 0.052
0 0.245 0.522 0.05 0.086
0 0.292 0.5405 0.05 0.081
0 0.345 0.545 0.056 0.09
0 0.393 0.5495 0.052 0.083
0 0.4415 0.5595 0.043 0.077
0 0.486 0.571 0.05 0.08
0 0.536 0.588 0.044 0.086
0 0.6525 0.6165 0.045 0.077
0 0.692 0.64 0.05 0.078
0 0.924 0.5805 0.086 0.065
0 0.939 0.8715 0.048 0.091
0 0.5915 0.8355 0.045 0.071
0 0.6185 0.926 0.047 0.094
0 0.57 0.9205 0.052 0.099
0 0.4845 0.9705 0.071 0.047
0 0.45 0.8955 0.05 0.087
0 0.4685 0.792 0.055 0.102
0 0.4215 0.7685 0.051 0.093
0 0.3785 0.7565 0.049 0.097
0 0.3475 0.851 0.053 0.102
0 0.321 0.752 0.044 0.082
0 0.302 0.841 0.05 0.082
0 0.273 0.742 0.05 0.074
0 0.228 0.7325 0.044 0.079
0 0.1825 0.7175 0.053 0.097
0 0.139 0.704 0.052 0.092
0 0.1175 0.7935 0.055 0.093
0 0.162 0.8065 0.048 0.075
0 0.2035 0.8225 0.049 0.071
0 0.25 0.8275 0.05 0.073
0 0.403 0.869 0.044 0.074
0 0.0145 0.9655 0.029 0.065
0 0.0505 0.9735 0.043 0.047
0 0.105 0.975 0.048 0.046
