0 0.1055 0.1295 0.079 0.053
0 0.0765 0.2195 0.073 0.045
0 0.0515 0.322 0.093 0.058
0 0.0425 0.373 0.085 0.056
0 0.037 0.4275 0.074 0.053
0 0.0295 0.4765 0.059 0.055
0 0.017 0.559 0.034 0.056
0 0.253 0.38 0.088 0.056
0 0.3115 0.1785 0.087 0.057
0 0.296 0.229 0.088 0.05
0 0.279 0.282 0.08 0.044
0 0.227 0.487 0.09 0.054
0 0.2155 0.5385 0.087 0.063
0 0.1845 0.633 0.083 0.056
0 0.1735 0.6915 0.089 0.055
0 0.281 0.82 0.052 0.096
0 0.3655 0.7505 0.091 0.043
0 0.385 0.6915 0.09 0.057
0 0.4185 0.549 0.091 0.064
0 0.441 0.44 0.098 0.054
0 0.4505 0.395 0.077 0.058
0 0.4785 0.302 0.079 0.056
0 0.4885 0.2445 0.089 0.053
0 0.097 0.177 0.072 0.048
