0 0.347 0.205 0.086 0.052
0 0.324 0.2755 0.076 0.061
0 0.311 0.336 0.09 0.052
0 0.304 0.3865 0.088 0.053
0 0.4725 0.3185 0.043 0.075
0 0.5225 0.095 0.051 0.088
0 0.385 0.0115 0.07 0.019
0 0.205 0.776 0.096 0.078
0 0.183 0.842 0.08 0.056
0 0.1745 0.953 0.099 0.066
0 0.0955 0.963 0.053 0.068
0 0.348 0.854 0.046 0.08
0 0.3665 0.753 0.049 0.092
0 0.5095 0.6645 0.043 0.077
0 0.555 0.673 0.046 0.076
0 0.603 0.6885 0.042 0.073
0 0.652 0.7005 0.038 0.081
0 0.703 0.6975 0.048 0.085
0 0.7495 0.7225 0.041 0.087
0 0.833 0.7395 0.046 0.091
0 0.8765 0.742 0.039 0.078
0 0.9175 0.7615 0.043 0.077
0 0.9605 0.7735 0.045 0.089
