0 0.3415 0.1015 0.041 0.097
0 0.285 0.485 0.038 0.09
0 0.403 0.7655 0.044 0.097
0 0.4775 0.7445 0.037 0.079
0 0.463 0.8575 0.038 0.091
0 0.4495 0.959 0.043 0.072
0 0.585 0.804 0.08 0.044
0 0.574 0.8495 0.074 0.043
0 0.614 0.653 0.094 0.056
0 0.6345 0.5175 0.097 0.043
0 0.64 0.466 0.082 0.04
0 0.533 0.323 0.046 0.098
0 0.672 0.227 0.076 0.04
0 0.6735 0.175 0.087 0.05
0 0.683 0.1325 0.092 0.053
0 0.702 0.0365 0.084 0.039
0 0.5755 0.068 0.045 0.094
0 0.932 0.07 0.096 0.05
0 0.934 0.1205 0.092 0.059
0 0.8955 0.354 0.097 0.054
0 0.88 0.4025 0.088 0.045
0 0.834 0.736 0.092 0.044
0 0.7965 0.973 0.085 0.048
