0 0.1645 0.12 0.071 0.056
0 0.0885 0.021 0.093 0.042
0 0.2045 0.041 0.089 0.052
0 0.3195 0.068 0.103 0.046
0 0.4215 0.0965 0.099 0.059
0 0.5245 0.111 0.077 0.056
0 0.628 0.1325 0.09 0.059
0 0.724 0.159 0.084 0.058
0 0.5255 0.2055 0.111 0.061
0 0.947 0.3115 0.082 0.051
0 0.075 0.6275 0.098 0.053
0 0.0225 0.706 0.045 0.056
0 0.114 0.73 0.104 0.068
0 0.235 0.765 0.102 0.062
0 0.363 0.785 0.066 0.046
0 0.4505 0.7345 0.095 0.049
0 0.455 0.8125 0.082 0.045
0 0.563 0.842 0.098 0.062
0 0.714 0.87 0.094 0.064
0 0.9485 0.9165 0.085 0.059
