0 0.043 0.2675 0.05 0.091
0 0.1275 0.276 0.047 0.092
0 0.181 0.2885 0.05 0.101
0 0.2215 0.3175 0.051 0.091
0 0.2775 0.336 0.049 0.088
0 0.4165 0.3435 0.037 0.087
0 0.4925 0.375 0.051 0.072
0 0.544 0.381 0.046 0.082
0 0.592 0.391 0.046 0.084
0 0.699 0.4085 0.052 0.081
0 0.7545 0.4145 0.047 0.085
0 0.802 0.4325 0.062 0.079
0 0.843 0.4615 0.06 0.085
0 0.825 0.692 0.052 0.092
0 0.833 0.8325 0.042 0.077
0 0.693 0.7935 0.082 0.081
0 0.67 0.744 0.072 0.088
0 0.6225 0.7245 0.077 0.085
0 0.6265 0.6355 0.055 0.055
0 0.5785 0.612 0.065 0.086
0 0.525 0.5965 0.064 0.077
0 0.461 0.5965 0.074 0.083
0 0.4005 0.6845 0.071 0.083
0 0.456 0.6925 0.074 0.089
0 0.683 0.9595 0.048 0.077
0 0.767 0.9755 0.042 0.045
0 0.5815 0.9455 0.041 0.063
0 0.538 0.9355 0.042 0.071
0 0.491 0.925 0.048 0.074
0 0.412 0.941 0.046 0.076
0 0.3655 0.919 0.043 0.078
0 0.308 0.91 0.05 0.086
0 0.2135 0.88 0.045 0.08
0 0.153 0.857 0.046 0.096
0 0.091 0.841 0.05 0.112
0 0.3645 0.6355 0.071 0.081
0 0.3625 0.5515 0.071 0.075
0 0.317 0.526 0.06 0.08
0 0.2975 0.627 0.063 0.074
0 0.249 0.531 0.062 0.07
0 0.166 0.6035 0.082 0.085
0 0.1735 0.503 0.075 0.08
0 0.022 0.4485 0.044 0.071
0 0.0495 0.4705 0.061 0.069
0 0.114 0.467 0.066 0.074
0 0.053 0.561 0.082 0.094
0 0.1075 0.581 0.071 0.082
