0 0.058 0.022 0.088 0.04
0 0.16 0.025 0.098 0.05
0 0.29 0.058 0.086 0.05
0 0.032 0.1545 0.064 0.039
0 0.1075 0.1725 0.081 0.049
0 0.209 0.195 0.088 0.048
0 0.339 0.388 0.038 0.108
0 0.6435 0.1445 0.087 0.053
0 0.5905 0.2905 0.091 0.049
0 0.687 0.3085 0.082 0.055
0 0.7845 0.33 0.085 0.048
0 0.8805 0.358 0.089 0.05
0 0.974 0.3775 0.05 0.041
0 0.45 0.457 0.038 0.072
0 0.4515 0.5785 0.037 0.111
0 0.4605 0.692 0.039 0.098
0 0.4675 0.8055 0.037 0.101
0 0.4115 0.8495 0.043 0.093
0 0.3585 0.8345 0.033 0.089
0 0.3535 0.727 0.037 0.09
0 0.35 0.6055 0.032 0.103
0 0.3615 0.95 0.043 0.096
