0 0.184 0.0545 0.078 0.097
0 0.443 0.2135 0.076 0.051
0 0.517 0.156 0.084 0.048
0 0.73 0.0975 0.098 0.053
0 0.7665 0.221 0.089 0.07
0 0.8615 0.1405 0.099 0.057
0 0.8265 0.0665 0.097 0.057
0 0.937 0.0925 0.068 0.051
0 0.9655 0.168 0.067 0.07
0 0.9755 0.2845 0.047 0.051
0 0.989 0.034 0.02 0.056
0 0.884 0.0225 0.1 0.045
0 0.133 0.7155 0.076 0.063
0 0.215 0.6695 0.072 0.065
0 0.1445 0.917 0.041 0.082
0 0.198 0.909 0.05 0.1
0 0.303 0.7965 0.056 0.105
0 0.29 0.9075 0.036 0.091
0 0.332 0.9045 0.04 0.091
0 0.4275 0.9035 0.035 0.091
0 0.4965 0.783 0.039 0.108
0 0.544 0.7775 0.042 0.109
0 0.6825 0.7695 0.047 0.095
0 0.6625 0.8995 0.049 0.099
0 0.755 0.9095 0.05 0.103
0 0.8745 0.629 0.061 0.05
0 0.771 0.6095 0.092 0.063
0 0.6735 0.6135 0.077 0.047
0 0.5765 0.614 0.097 0.042
0 0.438 0.622 0.112 0.07
0 0.323 0.6295 0.08 0.055
0 0.979 0.872 0.04 0.08
