0 0.099 0.2845 0.092 0.057
0 0.198 0.3755 0.098 0.059
0 0.1615 0.488 0.061 0.096
0 0.0955 0.8675 0.063 0.083
0 0.177 0.9225 0.074 0.097
0 0.21 0.7535 0.09 0.091
0 0.303 0.8145 0.078 0.077
0 0.395 0.8825 0.084 0.089
0 0.832 0.557 0.078 0.048
0 0.8725 0.242 0.121 0.072
0 0.984 0.2725 0.03 0.051
0 0.69 0.33 0.088 0.052
0 0.803 0.353 0.096 0.056
0 0.778 0.279 0.084 0.056
0 0.759 0.2135 0.092 0.061
0 0.6535 0.176 0.085 0.062
0 0.593 0.24 0.09 0.062
0 0.58 0.294 0.098 0.056
0 0.5915 0.422 0.083 0.064
0 0.457 0.269 0.1 0.062
0 0.527 0.1435 0.096 0.063
0 0.4235 0.185 0.095 0.062
0 0.3885 0.1065 0.091 0.053
0 0.274 0.08 0.094 0.048
0 0.2995 0.153 0.109 0.054
0 0.3285 0.236 0.101 0.07
0 0.2105 0.204 0.085 0.054
0 0.145 0.1235 0.096 0.059
0 0.1255 0.0395 0.095 0.063
0 0.039 0.0915 0.076 0.047
0 0.0825 0.1765 0.099 0.053
0 0.017 0.0225 0.034 0.039
