0 0.2205 0.4545 0.091 0.087
0 0.2015 0.561 0.077 0.088
0 0.116 0.732 0.064 0.118
0 0.26 0.853 0.062 0.1
0 0.186 0.9495 0.078 0.095
0 0.535 0.5545 0.06 0.099
0 0.826 0.959 0.096 0.06
0 0.883 0.9115 0.1 0.065
0 0.731 0.9845 0.092 0.027
0 0.933 0.98 0.07 0.036
0 0.988 0.932 0.022 0.048
0 0.613 0.4055 0.078 0.093
0 0.693 0.3345 0.07 0.075
0 0.7775 0.2495 0.077 0.085
0 0.9065 0.1355 0.085 0.099
0 0.891 0.0585 0.084 0.077
0 0.991 0.06 0.016 0.05
0 0.709 0.1305 0.088 0.089
0 0.65 0.0845 0.068 0.073
0 0.5585 0.1615 0.087 0.097
0 0.469 0.239 0.076 0.078
0 0.515 0.2925 0.082 0.083
0 0.5385 0.3585 0.077 0.091
0 0.3705 0.4205 0.077 0.075
0 0.371 0.336 0.08 0.076
0 0.281 0.6045 0.078 0.093
