0 0.254 0.2115 0.082 0.053
0 0.226 0.062 0.096 0.058
0 0.325 0.0875 0.084 0.045
0 0.119 0.044 0.092 0.058
0 0.035 0.025 0.07 0.04
0 0.0325 0.0965 0.065 0.059
0 0.407 0.1575 0.074 0.055
0 0.4825 0.1815 0.077 0.063
0 0.5595 0.2325 0.067 0.101
0 0.649 0.287 0.076 0.05
0 0.749 0.3035 0.092 0.047
0 0.903 0.3415 0.066 0.053
0 0.975 0.3625 0.048 0.059
0 0.925 0.183 0.074 0.088
0 0.3975 0.8535 0.039 0.085
0 0.4455 0.8625 0.045 0.103
0 0.494 0.851 0.034 0.084
0 0.546 0.852 0.042 0.088
0 0.317 0.9575 0.04 0.079
