0 0.3045 0.4265 0.087 0.079
0 0.186 0.567 0.088 0.082
0 0.143 0.2345 0.076 0.081
0 0.2195 0.1735 0.075 0.077
0 0.316 0.096 0.086 0.09
0 0.6615 0.1355 0.073 0.089
0 0.3325 0.9855 0.041 0.025
0 0.4165 0.957 0.063 0.074
0 0.4545 0.928 0.065 0.086
0 0.488 0.9 0.066 0.088
0 0.523 0.87 0.074 0.1
0 0.6325 0.7765 0.077 0.077
0 0.734 0.6905 0.082 0.099
0 0.7665 0.6625 0.083 0.103
0 0.8425 0.6075 0.077 0.087
0 0.9645 0.709 0.069 0.074
0 0.891 0.7745 0.078 0.073
0 0.8095 0.8365 0.073 0.097
0 0.646 0.9665 0.088 0.063
