0 0.08984375 0.41015625 0.0390625 0.0546875
0 0.115234375 0.439453125 0.04296875 0.07421875
0 0.13671875 0.453125 0.0625 0.0703125
0 0.16796875 0.4765625 0.046875 0.0625
0 0.181640625 0.509765625 0.05859375 0.08203125
0 0.23046875 0.533203125 0.046875 0.06640625
0 0.255859375 0.564453125 0.04296875 0.06640625
0 0.287109375 0.576171875 0.05859375 0.06640625
0 0.3125 0.58984375 0.0390625 0.0546875
0 0.296875 0.671875 0.0703125 0.078125
0 0.33203125 0.634765625 0.0546875 0.05078125
0 0.359375 0.654296875 0.0546875 0.05859375
0 0.390625 0.67578125 0.046875 0.0703125
0 0.423828125 0.724609375 0.06640625 0.06640625
0 0.4609375 0.734375 0.046875 0.0703125
0 0.490234375 0.779296875 0.06640625 0.07421875
0 0.55859375 0.818359375 0.0859375 0.11328125
0 0.58984375 0.84375 0.0546875 0.078125
0 0.611328125 0.890625 0.05078125 0.09375
0 0.640625 0.908203125 0.046875 0.06640625
0 0.662109375 0.921875 0.07421875 0.046875
0 0.6953125 0.951171875 0.0546875 0.06640625
0 0.39453125 0.84375 0.0390625 0.0703125
0 0.419921875 0.865234375 0.02734375 0.06640625
0 0.451171875 0.890625 0.05078125 0.0625
0 0.470703125 0.912109375 0.03515625 0.05078125
0 0.328125 0.888671875 0.0546875 0.06640625
0 0.353515625 0.916015625 0.02734375 0.05859375
0 0.38671875 0.919921875 0.0390625 0.08203125
0 0.408203125 0.951171875 0.04296875 0.05859375
0 0.427734375 0.96875 0.05859375 0.03125
0 0.46484375 0.974609375 0.03125 0.03515625
0 0.529296875 0.966796875 0.05078125 0.04296875
0 0.2578125 0.845703125 0.0546875 0.08203125
0 0.21875 0.833984375 0.0546875 0.07421875
0 0.17578125 0.81640625 0.0703125 0.0859375
0 0.15625 0.7890625 0.0546875 0.078125
0 0.208984375 0.716796875 0.03515625 0.06640625
0 0.177734375 0.705078125 0.05078125 0.08203125
0 0.140625 0.66796875 0.0546875 0.0859375
0 0.11328125 0.7734375 0.0625 0.09375
0 0.08203125 0.740234375 0.03125 0.08203125
0 0.046875 0.7265625 0.0390625 0.0546875
0 0.03515625 0.697265625 0.0703125 0.10546875
0 0.025390625 0.662109375 0.05078125 0.08984375
0 0.029296875 0.369140625 0.05859375 0.07421875
0 0.060546875 0.400390625 0.05078125 0.08203125
