1 0.729 0.695 0.144 0.134
1 0.6785 0.93 0.215 0.124
1 0.9065 0.077 0.171 0.148
1 0.61 0.009 0.008 0.014
1 0.6775 0.0895 0.147 0.147
1 0.1305 0.157 0.205 0.284
1 0.082 0.487 0.15 0.256
0 0.4625 0.1335 0.053 0.099
0 0.4515 0.467 0.061 0.106
0 0.4815 0.6215 0.121 0.263
1 0.548 0.584 0.074 0.118
0 0.406 0.923 0.052 0.082
0 0.8815 0.5155 0.059 0.097
0 0.963 0.736 0.066 0.11
0 0.9845 0.83 0.025 0.084
0 0.844 0.3785 0.062 0.089
0 0.91 0.213 0.054 0.09
0 0.949 0.3115 0.056 0.081
0 0.9675 0.4145 0.057 0.099
