4 0.076 0.236 0.022 0.028
4 0.0525 0.279 0.043 0.034
4 0.0355 0.342 0.045 0.03
4 0.133 0.6285 0.04 0.109
0 0.9125 0.0395 0.067 0.075
0 0.6475 0.097 0.083 0.096
0 0.6665 0.0435 0.085 0.087
0 0.7065 0.022 0.059 0.038
0 0.5795 0.2555 0.063 0.117
0 0.878 0.1975 0.05 0.095
0 0.8425 0.3625 0.061 0.113
0 0.7985 0.5375 0.055 0.099
0 0.7255 0.8455 0.053 0.085
1 0.426 0.153 0.158 0.178
1 0.8935 0.836 0.143 0.212
1 0.941 0.56 0.102 0.262
1 0.043 0.541 0.08 0.286
1 0.13 0.943 0.246 0.104
1 0.4895 0.924 0.167 0.122
4 0.218 0.2595 0.058 0.093
4 0.4315 0.542 0.035 0.05
4 0.4875 0.305 0.055 0.098
4 0.307 0.888 0.05 0.046
