0 0.8785 0.054 0.089 0.086
0 0.9045 0.0235 0.065 0.041
0 0.8255 0.257 0.093 0.1
0 0.8025 0.381 0.097 0.088
0 0.744 0.5935 0.074 0.071
0 0.7255 0.7315 0.095 0.097
0 0.689 0.896 0.102 0.1
0 0.67 0.9435 0.1 0.097
0 0.6375 0.9775 0.069 0.041
0 0.9235 0.9255 0.075 0.107
0 0.9595 0.7465 0.065 0.107
0 0.9775 0.55 0.043 0.204
1 0.6285 0.3295 0.145 0.215
1 0.582 0.6575 0.144 0.205
1 0.786 0.6875 0.172 0.153
1 0.858 0.5255 0.096 0.079
1 0.6965 0.0705 0.115 0.121
1 0.0975 0.5335 0.193 0.371
1 0.9295 0.3555 0.109 0.127
4 0.121 0.7775 0.04 0.051
4 0.106 0.88 0.042 0.052
4 0.1205 0.21 0.139 0.176
4 0.273 0.3575 0.038 0.089
4 0.441 0.8095 0.044 0.051
