1 0.3065 0.514 0.183 0.206
1 0.6515 0.0955 0.197 0.177
1 0.866 0.1415 0.144 0.273
1 0.4325 0.874 0.211 0.232
1 0.1105 0.7175 0.143 0.171
0 0.0285 0.9025 0.051 0.071
0 0.111 0.879 0.096 0.058
0 0.637 0.4265 0.094 0.087
0 0.7125 0.31 0.069 0.1
0 0.763 0.2915 0.064 0.107
0 0.8375 0.3365 0.059 0.113
0 0.9265 0.332 0.061 0.092
0 0.9805 0.3155 0.033 0.115
0 0.9295 0.471 0.087 0.058
0 0.393 0.897 0.098 0.064
4 0.3915 0.35 0.051 0.15
4 0.292 0.372 0.074 0.064
4 0.4355 0.708 0.037 0.076
4 0.196 0.625 0.118 0.088
4 0.091 0.2705 0.18 0.085
