0 0.1875 0.3405 0.097 0.049
0 0.0925 0.511 0.087 0.064
0 0.2365 0.396 0.087 0.066
0 0.316 0.441 0.084 0.066
0 0.4205 0.407 0.091 0.07
0 0.5185 0.393 0.101 0.076
0 0.632 0.3635 0.108 0.063
0 0.707 0.2255 0.088 0.059
0 0.792 0.2625 0.082 0.061
0 0.876 0.2425 0.078 0.057
1 0.1355 0.1765 0.225 0.245
1 0.3505 0.1375 0.175 0.215
1 0.517 0.0725 0.104 0.131
1 0.477 0.189 0.07 0.096
1 0.625 0.179 0.082 0.128
1 0.761 0.089 0.182 0.168
1 0.954 0.076 0.076 0.112
1 0.962 0.841 0.062 0.202
1 0.7355 0.9585 0.117 0.069
0 0.805 0.8625 0.084 0.123
4 0.877 0.422 0.04 0.094
4 0.913 0.5975 0.052 0.193
