1 0.506 0.386 0.18 0.196
1 0.872 0.251 0.156 0.16
1 0.872 0.7285 0.162 0.197
1 0.685 0.616 0.12 0.104
1 0.573 0.7225 0.124 0.107
1 0.69 0.8725 0.106 0.111
1 0.458 0.857 0.102 0.082
1 0.472 0.96 0.174 0.074
1 0.0775 0.861 0.125 0.19
0 0.288 0.1035 0.104 0.079
0 0.2345 0.1805 0.103 0.061
0 0.1535 0.2655 0.091 0.067
0 0.366 0.2305 0.104 0.063
0 0.5635 0.1285 0.073 0.049
0 0.6775 0.1705 0.105 0.051
0 0.956 0.654 0.072 0.084
0 0.866 0.588 0.09 0.078
0 0.3545 0.8535 0.089 0.105
1 0.6805 0.3175 0.089 0.141
4 0.789 0.4735 0.07 0.085
4 0.0255 0.64 0.051 0.148
4 0.2255 0.364 0.295 0.12
