0 0.168 0.052 0.066 0.08
0 0.2535 0.2385 0.077 0.105
0 0.307 0.3455 0.072 0.095
0 0.412 0.5195 0.064 0.079
0 0.452 0.611 0.074 0.09
0 0.502 0.708 0.064 0.08
0 0.5445 0.786 0.079 0.092
0 0.592 0.889 0.074 0.098
0 0.624 0.319 0.09 0.072
0 0.137 0.5725 0.094 0.075
1 0.783 0.099 0.124 0.122
1 0.918 0.615 0.134 0.198
1 0.6875 0.611 0.129 0.16
1 0.424 0.05 0.07 0.08
4 0.916 0.7245 0.052 0.091
1 0.214 0.923 0.262 0.128
4 0.611 0.0095 0.04 0.013
1 0.075 0.2855 0.142 0.133
1 0.934 0.127 0.13 0.188
4 0.873 0.39 0.038 0.062
