1 0.4595 0.3025 0.157 0.141
1 0.479 0.159 0.13 0.13
0 0.217 0.0515 0.068 0.087
0 0.3085 0.2385 0.075 0.101
0 0.4065 0.435 0.079 0.088
0 0.4565 0.527 0.069 0.1
0 0.2645 0.628 0.059 0.082
0 0.4505 0.6405 0.085 0.077
0 0.489 0.801 0.092 0.072
0 0.7105 0.782 0.097 0.078
0 0.8355 0.6745 0.107 0.075
1 0.882 0.9515 0.2 0.083
4 0.579 0.102 0.036 0.05
4 0.594 0.1635 0.026 0.043
4 0.6185 0.2555 0.033 0.045
4 0.639 0.3125 0.034 0.053
1 0.0615 0.6725 0.077 0.077
1 0.1435 0.5865 0.061 0.065
1 0.1745 0.793 0.095 0.118
1 0.3625 0.0415 0.165 0.077
0 0.9005 0.022 0.101 0.044
