1 0.464 0.366 0.186 0.166
1 0.3565 0.2105 0.187 0.155
1 0.042 0.2705 0.078 0.117
1 0.055 0.7535 0.094 0.141
4 0.491 0.535 0.028 0.038
4 0.3235 0.744 0.079 0.064
4 0.4675 0.1605 0.043 0.051
0 0.2095 0.037 0.095 0.06
0 0.564 0.016 0.258 0.028
0 0.8425 0.193 0.089 0.094
0 0.748 0.3455 0.07 0.095
0 0.6875 0.454 0.075 0.098
0 0.5885 0.619 0.063 0.094
0 0.5445 0.699 0.065 0.086
0 0.3145 0.9515 0.069 0.093
0 0.2075 0.782 0.089 0.068
0 0.064 0.6655 0.088 0.081
4 0.142 0.2135 0.1 0.079
4 0.871 0.283 0.022 0.036
4 0.9055 0.233 0.031 0.034
4 0.929 0.178 0.026 0.05
4 0.905 0.9545 0.046 0.037
