0 0.315 0.499 0.088 0.044
0 0.4255 0.517 0.103 0.058
0 0.5465 0.533 0.099 0.052
0 0.671 0.554 0.096 0.056
0 0.781 0.568 0.092 0.058
0 0.889 0.5855 0.096 0.055
0 0.0375 0.013 0.067 0.026
1 0.5125 0.1255 0.147 0.233
1 0.8565 0.3455 0.285 0.307
1 0.843 0.703 0.312 0.31
1 0.0365 0.8645 0.073 0.153
1 0.039 0.485 0.078 0.244
1 0.05 0.1665 0.1 0.205
4 0.1235 0.5475 0.075 0.127
4 0.197 0.776 0.052 0.052
4 0.233 0.8485 0.046 0.051
4 0.316 0.839 0.046 0.074
4 0.2575 0.618 0.029 0.046
4 0.3045 0.6385 0.027 0.043
4 0.3405 0.64 0.029 0.036
4 0.372 0.6465 0.028 0.053
4 0.392 0.6065 0.022 0.049
4 0.333 0.578 0.032 0.042
4 0.6625 0.679 0.033 0.036
4 0.605 0.7645 0.032 0.047
4 0.246 0.9815 0.03 0.027
4 0.343 0.04 0.024 0.08
