0 0.0385 0.3295 0.047 0.097
0 0.7405 0.505 0.107 0.052
0 0.769 0.3685 0.1 0.053
0 0.803 0.2285 0.094 0.053
0 0.5845 0.1735 0.085 0.071
0 0.556 0.3125 0.076 0.049
0 0.537 0.3615 0.082 0.051
0 0.9695 0.59 0.059 0.046
0 0.967 0.643 0.058 0.042
0 0.963 0.69 0.068 0.044
0 0.9585 0.741 0.075 0.054
0 0.5685 0.898 0.093 0.042
0 0.5675 0.953 0.099 0.048
0 0.0675 0.2135 0.053 0.099
0 0.106 0.066 0.06 0.092
1 0.057 0.3805 0.114 0.219
1 0.238 0.552 0.296 0.26
1 0.037 0.7285 0.074 0.211
1 0.5835 0.746 0.293 0.248
1 0.903 0.263 0.154 0.148
1 0.8405 0.511 0.085 0.218
1 0.903 0.8215 0.172 0.333
1 0.811 0.073 0.104 0.056
