0 0.0935 0.8815 0.077 0.069
0 0.197 0.9365 0.078 0.071
0 0.0215 0.843 0.041 0.048
1 0.226 0.463 0.452 0.59
1 0.6935 0.9115 0.237 0.167
1 0.2225 0.9535 0.261 0.083
1 0.943 0.9495 0.112 0.089
4 0.4795 0.371 0.035 0.05
4 0.5015 0.289 0.025 0.036
4 0.5665 0.313 0.023 0.042
4 0.6715 0.3805 0.035 0.041
4 0.6995 0.352 0.015 0.038
4 0.73 0.4375 0.012 0.027
4 0.582 0.425 0.042 0.03
4 0.61 0.465 0.032 0.038
4 0.4375 0.401 0.025 0.03
4 0.4335 0.305 0.025 0.05
4 0.4055 0.2605 0.013 0.021
4 0.356 0.3035 0.016 0.013
4 0.368 0.3845 0.014 0.021
4 0.5805 0.2655 0.027 0.029
4 0.637 0.3025 0.02 0.033
4 0.6105 0.332 0.031 0.038
4 0.545 0.3645 0.022 0.037
4 0.505 0.4745 0.016 0.023
4 0.68 0.4805 0.018 0.035
