0 0.0295 0.106 0.059 0.104
0 0.0625 0.032 0.067 0.054
0 0.028 0.718 0.054 0.088
0 0.0865 0.772 0.079 0.084
0 0.0235 0.9595 0.041 0.071
0 0.603 0.9135 0.058 0.071
0 0.668 0.9345 0.062 0.099
0 0.711 0.9095 0.068 0.099
0 0.7625 0.883 0.055 0.082
0 0.5815 0.9725 0.053 0.051
0 0.9535 0.5295 0.069 0.089
1 0.5915 0.3705 0.213 0.333
1 0.7545 0.204 0.101 0.23
1 0.917 0.196 0.164 0.232
1 0.929 0.7805 0.14 0.157
1 0.8935 0.9305 0.113 0.085
1 0.2975 0.8525 0.169 0.195
1 0.244 0.282 0.17 0.168
1 0.0815 0.377 0.161 0.286
0 0.172 0.835 0.07 0.09
4 0.4475 0.9505 0.027 0.035
4 0.411 0.98 0.056 0.03
