0 0.5685 0.057 0.099 0.048
0 0.577 0.0115 0.092 0.019
0 0.742 0.321 0.1 0.056
0 0.7355 0.4105 0.099 0.047
0 0.71 0.93 0.064 0.124
0 0.7635 0.945 0.053 0.104
0 0.8385 0.9235 0.059 0.103
0 0.9005 0.868 0.053 0.12
1 0.476 0.186 0.178 0.242
1 0.5585 0.7655 0.229 0.333
1 0.8925 0.081 0.143 0.152
1 0.834 0.2535 0.066 0.201
1 0.843 0.42 0.104 0.114
1 0.0475 0.902 0.095 0.168
1 0.045 0.159 0.09 0.206
4 0.4335 0.4545 0.063 0.083
4 0.203 0.8915 0.07 0.065
4 0.6095 0.9615 0.045 0.065
4 0.8575 0.4075 0.037 0.035
