0 0.7745 0.0905 0.049 0.085
0 0.76 0.181 0.054 0.098
0 0.9285 0.3885 0.049 0.105
0 0.7375 0.4055 0.041 0.093
0 0.725 0.5085 0.048 0.105
0 0.712 0.6155 0.048 0.097
0 0.6945 0.7235 0.045 0.099
0 0.6835 0.856 0.051 0.09
0 0.675 0.9605 0.044 0.075
0 0.776 0.018 0.028 0.036
0 0.012 0.8765 0.024 0.109
1 0.1805 0.2715 0.115 0.147
1 0.037 0.0565 0.074 0.107
1 0.2485 0.698 0.229 0.226
1 0.891 0.703 0.216 0.236
1 0.83 0.8805 0.188 0.205
4 0.198 0.439 0.032 0.036
4 0.16 0.489 0.05 0.074
4 0.505 0.6105 0.09 0.031
4 0.8715 0.09 0.035 0.056
4 0.116 0.729 0.054 0.052
