4 0.064 0.818 0.022 0.026
4 0.121 0.7715 0.016 0.025
4 0.2005 0.7535 0.017 0.031
4 0.227 0.7905 0.03 0.037
4 0.27 0.8265 0.026 0.035
4 0.291 0.7735 0.022 0.029
4 0.3185 0.8185 0.027 0.049
4 0.359 0.809 0.014 0.032
4 0.369 0.8835 0.026 0.043
4 0.413 0.857 0.02 0.034
4 0.36 0.9555 0.032 0.025
4 0.296 0.943 0.03 0.026
4 0.1855 0.925 0.029 0.044
4 0.258 0.864 0.022 0.03
4 0.1475 0.8215 0.019 0.021
4 0.1155 0.8835 0.021 0.025
4 0.14 0.954 0.034 0.022
4 0.358 0.04 0.024 0.022
4 0.4825 0.0865 0.021 0.027
4 0.5555 0.1165 0.023 0.033
