0 0.269 0.8935 0.1 0.069
0 0.153 0.116 0.088 0.048
0 0.371 0.143 0.088 0.05
0 0.509 0.1975 0.046 0.095
0 0.9155 0.023 0.057 0.04
0 0.975 0.0265 0.04 0.049
1 0.064 0.754 0.128 0.262
1 0.2095 0.0325 0.127 0.065
1 0.788 0.3025 0.234 0.285
1 0.458 0.9645 0.056 0.047
4 0.2655 0.7975 0.041 0.045
4 0.2175 0.794 0.033 0.042
4 0.534 0.9265 0.028 0.053
4 0.9255 0.9045 0.019 0.051
4 0.742 0.473 0.028 0.068
4 0.58 0.12 0.022 0.104
4 0.62 0.169 0.028 0.138
4 0.662 0.1875 0.026 0.039
4 0.768 0.205 0.026 0.066
4 0.052 0.27 0.06 0.31
4 0.0995 0.5735 0.055 0.051
4 0.1935 0.598 0.045 0.038
4 0.327 0.694 0.032 0.026
4 0.3265 0.6385 0.027 0.033
4 0.152 0.907 0.12 0.05
