0 0.038 0.5965 0.042 0.097
0 0.143 0.5885 0.048 0.089
0 0.2475 0.596 0.051 0.09
0 0.344 0.6175 0.042 0.091
0 0.3955 0.6225 0.043 0.093
0 0.447 0.639 0.05 0.1
0 0.495 0.6535 0.046 0.097
0 0.5435 0.6585 0.057 0.091
0 0.5995 0.6695 0.045 0.099
0 0.6975 0.6875 0.049 0.093
0 0.743 0.708 0.05 0.094
0 0.7965 0.7155 0.037 0.089
0 0.8445 0.727 0.053 0.096
0 0.892 0.732 0.05 0.092
0 0.9795 0.7675 0.035 0.087
0 0.978 0.506 0.038 0.094
0 0.99 0.3725 0.018 0.093
0 0.029 0.319 0.048 0.098
1 0.3855 0.066 0.309 0.132
1 0.088 0.376 0.176 0.256
1 0.26 0.3765 0.124 0.215
1 0.593 0.4615 0.114 0.269
1 0.7735 0.531 0.151 0.29
1 0.4725 0.8025 0.945 0.383
1 0.9285 0.0685 0.141 0.133
4 0.045 0.7425 0.05 0.065
4 0.1065 0.7585 0.053 0.065
4 0.401 0.428 0.034 0.064
4 0.4365 0.424 0.035 0.068
