1 0.1715 0.111 0.285 0.222
1 0.168 0.3835 0.336 0.273
1 0.514 0.3065 0.178 0.289
1 0.695 0.1655 0.088 0.119
1 0.781 0.218 0.072 0.158
1 0.9105 0.199 0.095 0.108
1 0.7395 0.0435 0.245 0.083
4 0.5165 0.437 0.025 0.048
4 0.558 0.437 0.032 0.036
4 0.66 0.366 0.028 0.048
4 0.6175 0.398 0.031 0.042
4 0.396 0.4505 0.026 0.053
4 0.3485 0.454 0.037 0.042
4 0.2855 0.4635 0.033 0.035
4 0.23 0.4645 0.036 0.043
4 0.1265 0.493 0.037 0.06
4 0.181 0.4755 0.032 0.047
4 0.081 0.5005 0.032 0.045
4 0.0175 0.5015 0.027 0.043
