0 0.1795 0.1605 0.095 0.067
0 0.2855 0.1965 0.091 0.055
0 0.404 0.235 0.09 0.062
0 0.52 0.2755 0.106 0.057
0 0.7365 0.337 0.093 0.066
0 0.748 0.42 0.088 0.058
0 0.1445 0.8635 0.059 0.093
0 0.045 0.8345 0.056 0.097
1 0.36 0.432 0.27 0.316
1 0.4465 0.9095 0.235 0.157
1 0.116 0.9155 0.208 0.127
1 0.9565 0.3465 0.085 0.211
1 0.6865 0.222 0.233 0.204
4 0.02 0.347 0.04 0.062
4 0.2815 0.863 0.041 0.096
1 0.847 0.619 0.046 0.064
1 0.9365 0.624 0.049 0.098
1 0.3815 0.6895 0.067 0.083
1 0.4075 0.1165 0.037 0.073
1 0.48 0.158 0.026 0.05
1 0.195 0.061 0.044 0.05
