0 0.934 0.214 0.068 0.102
0 0.79 0.184 0.068 0.102
0 0.7095 0.362 0.089 0.086
0 0.7935 0.3685 0.079 0.105
0 0.707 0.489 0.076 0.094
0 0.765 0.514 0.072 0.094
0 0.7085 0.695 0.071 0.08
0 0.8545 0.727 0.063 0.086
0 0.9215 0.716 0.073 0.084
0 0.954 0.62 0.09 0.06
0 0.949 0.856 0.09 0.044
0 0.2465 0.672 0.091 0.048
0 0.138 0.6505 0.088 0.057
0 0.041 0.632 0.08 0.046
1 0.559 0.1345 0.252 0.227
1 0.95 0.3715 0.098 0.443
1 0.053 0.268 0.106 0.248
1 0.8265 0.792 0.301 0.326
1 0.5385 0.9165 0.111 0.163
4 0.2275 0.4235 0.027 0.037
4 0.298 0.454 0.062 0.066
4 0.4165 0.48 0.093 0.062
