0 0.508 0.8155 0.058 0.089
0 0.63 0.875 0.094 0.06
0 0.616 0.921 0.096 0.05
0 0.595 0.971 0.092 0.054
0 0.8185 0.24 0.099 0.056
1 0.1245 0.0885 0.247 0.173
1 0.474 0.363 0.112 0.152
1 0.6575 0.229 0.227 0.228
1 0.845 0.775 0.308 0.204
1 0.565 0.6915 0.066 0.087
1 0.629 0.7515 0.078 0.097
1 0.395 0.7795 0.104 0.097
1 0.3565 0.881 0.055 0.062
1 0.299 0.7435 0.086 0.177
4 0.4545 0.5725 0.045 0.041
4 0.4495 0.73 0.065 0.046
4 0.333 0.0635 0.032 0.057
4 0.414 0.176 0.032 0.038
4 0.3585 0.144 0.043 0.048
4 0.978 0.188 0.038 0.062
4 0.7585 0.02 0.049 0.036
4 0.752 0.0805 0.062 0.047
4 0.681 0.112 0.024 0.054
1 0.027 0.5285 0.054 0.159
1 0.0645 0.335 0.093 0.138
4 0.2895 0.587 0.047 0.072
