0 0.0365 0.731 0.073 0.058
0 0.128 0.759 0.086 0.058
0 0.232 0.7955 0.102 0.067
0 0.336 0.831 0.08 0.056
0 0.5225 0.8895 0.091 0.059
0 0.542 0.957 0.1 0.062
0 0.647 0.9325 0.088 0.059
0 0.834 0.976 0.098 0.044
0 0.7685 0.4975 0.089 0.057
0 0.754 0.337 0.05 0.082
0 0.8035 0.3505 0.049 0.085
0 0.567 0.194 0.082 0.056
0 0.583 0.1325 0.09 0.057
0 0.594 0.0765 0.096 0.061
0 0.6105 0.02 0.087 0.03
0 0.0265 0.8555 0.053 0.049
0 0.1025 0.879 0.095 0.064
4 0.939 0.363 0.05 0.042
4 0.4115 0.262 0.083 0.142
4 0.0415 0.1415 0.035 0.053
4 0.0125 0.0975 0.025 0.053
4 0.095 0.632 0.034 0.044
4 0.015 0.6225 0.03 0.065
