0 0.0805 0.6465 0.063 0.089
0 0.0325 0.63 0.055 0.086
0 0.293 0.748 0.06 0.092
1 0.1315 0.176 0.145 0.238
1 0.183 0.3645 0.15 0.139
1 0.492 0.2655 0.16 0.199
1 0.7605 0.5245 0.253 0.213
1 0.8095 0.1105 0.245 0.185
1 0.973 0.0735 0.052 0.141
1 0.9455 0.356 0.107 0.138
1 0.2935 0.506 0.201 0.234
4 0.058 0.2445 0.038 0.047
4 0.0145 0.382 0.029 0.038
4 0.0525 0.3345 0.023 0.057
4 0.412 0.4495 0.034 0.051
4 0.454 0.4625 0.034 0.047
4 0.55 0.492 0.136 0.056
4 0.305 0.2875 0.034 0.045
4 0.4195 0.1935 0.023 0.033
4 0.4535 0.068 0.025 0.034
4 0.4675 0.0335 0.029 0.039
4 0.19 0.8655 0.022 0.043
4 0.163 0.984 0.012 0.022
4 0.7865 0.944 0.063 0.042
