0 0.648 0.176 0.06 0.106
0 0.1145 0.631 0.081 0.058
0 0.1545 0.461 0.061 0.094
0 0.234 0.275 0.058 0.092
0 0.0215 0.201 0.041 0.122
0 0.1185 0.0245 0.043 0.049
0 0.178 0.027 0.044 0.054
0 0.279 0.0445 0.058 0.089
0 0.3755 0.057 0.057 0.084
0 0.578 0.3355 0.054 0.109
0 0.712 0.378 0.094 0.056
0 0.6975 0.0925 0.113 0.069
0 0.72 0.041 0.098 0.062
0 0.8205 0.3955 0.087 0.055
0 0.612 0.4795 0.05 0.093
0 0.657 0.5075 0.048 0.077
0 0.787 0.797 0.1 0.064
0 0.932 0.6315 0.056 0.083
0 0.9725 0.6495 0.053 0.095
1 0.341 0.385 0.198 0.268
1 0.2225 0.605 0.213 0.16
1 0.884 0.5775 0.14 0.227
1 0.9735 0.2095 0.051 0.247
1 0.1425 0.318 0.085 0.168
4 0.905 0.38 0.014 0.042
4 0.925 0.3835 0.016 0.041
4 0.965 0.238 0.04 0.044
4 0.477 0.5205 0.022 0.039
4 0.4895 0.5845 0.029 0.065
4 0.7275 0.7985 0.027 0.073
4 0.937 0.8025 0.084 0.047
