0 0.0145 0.44 0.027 0.042
0 0.0255 0.5655 0.051 0.049
0 0.2865 0.532 0.109 0.07
0 0.2905 0.6505 0.093 0.061
0 0.465 0.5865 0.096 0.067
0 0.3995 0.6845 0.099 0.069
0 0.576 0.6245 0.076 0.061
0 0.665 0.6495 0.096 0.073
0 0.7615 0.6875 0.097 0.065
0 0.9325 0.731 0.093 0.054
0 0.901 0.8485 0.096 0.063
0 0.9715 0.8685 0.051 0.053
0 0.6765 0.772 0.095 0.074
0 0.5665 0.736 0.079 0.058
0 0.494 0.7155 0.064 0.053
1 0.5315 0.5185 0.059 0.103
1 0.298 0.4385 0.068 0.091
1 0.733 0.552 0.084 0.112
1 0.6635 0.8795 0.155 0.101
1 0.0265 0.3615 0.053 0.109
4 0.1485 0.395 0.027 0.064
4 0.167 0.3125 0.02 0.031
4 0.4905 0.8365 0.021 0.055
4 0.5165 0.844 0.025 0.058
4 0.7815 0.9085 0.033 0.053
4 0.8495 0.9225 0.019 0.047
4 0.2535 0.7565 0.025 0.085
4 0.1275 0.7185 0.043 0.057
4 0.2015 0.202 0.029 0.05
4 0.7875 0.046 0.065 0.044
4 0.9465 0.1395 0.035 0.071
