0 0.6515 0.034 0.085 0.054
0 0.833 0.0875 0.104 0.069
0 0.5435 0.056 0.103 0.056
0 0.5285 0.011 0.091 0.018
0 0.2435 0.7 0.103 0.094
0 0.232 0.7705 0.092 0.083
0 0.2185 0.8545 0.089 0.077
0 0.215 0.921 0.106 0.092
0 0.2175 0.978 0.091 0.038
0 0.808 0.7005 0.092 0.059
0 0.791 0.749 0.098 0.058
0 0.77 0.7945 0.104 0.059
0 0.9425 0.835 0.069 0.1
1 0.2365 0.493 0.195 0.288
1 0.436 0.736 0.082 0.15
1 0.6515 0.808 0.261 0.26
1 0.917 0.9045 0.148 0.145
1 0.607 0.223 0.12 0.122
4 0.2195 0.32 0.023 0.034
4 0.2165 0.37 0.023 0.044
4 0.093 0.1105 0.024 0.043
4 0.047 0.1005 0.058 0.047
4 0.0385 0.0395 0.019 0.039
4 0.428 0.5855 0.028 0.037
4 0.4235 0.6425 0.017 0.029
4 0.4225 0.6715 0.021 0.027
4 0.919 0.341 0.028 0.044
