0 0.0235 0.1545 0.045 0.053
0 0.0965 0.1835 0.095 0.061
0 0.1915 0.213 0.091 0.068
0 0.294 0.242 0.078 0.056
0 0.443 0.292 0.084 0.058
0 0.554 0.3255 0.098 0.059
0 0.5055 0.429 0.105 0.066
0 0.777 0.3995 0.09 0.063
0 0.8765 0.4265 0.099 0.077
0 0.7125 0.499 0.091 0.054
0 0.822 0.535 0.086 0.046
0 0.9075 0.5635 0.091 0.057
0 0.426 0.601 0.082 0.068
0 0.3445 0.8475 0.101 0.079
4 0.1065 0.419 0.039 0.046
4 0.3355 0.922 0.067 0.062
4 0.8375 0.651 0.033 0.056
4 0.7805 0.6365 0.037 0.041
4 0.7125 0.609 0.025 0.056
4 0.772 0.968 0.028 0.054
1 0.8985 0.365 0.157 0.168
4 0.8945 0.6565 0.037 0.063
