0 0.2265 0.158 0.059 0.102
0 0.1505 0.2255 0.045 0.063
0 0.046 0.083 0.064 0.074
0 0.025 0.464 0.048 0.102
0 0.103 0.407 0.048 0.104
0 0.06 0.5775 0.054 0.115
0 0.0115 0.83 0.023 0.1
0 0.0385 0.926 0.067 0.138
0 0.6015 0.083 0.127 0.054
0 0.568 0.135 0.108 0.04
0 0.6025 0.2065 0.111 0.037
0 0.6305 0.2625 0.103 0.041
0 0.721 0.209 0.104 0.05
0 0.6795 0.1455 0.103 0.041
0 0.755 0.0815 0.152 0.055
0 0.806 0.148 0.114 0.046
0 0.9455 0.0945 0.103 0.057
0 0.9535 0.22 0.091 0.046
1 0.752 0.497 0.19 0.25
1 0.401 0.4945 0.192 0.345
1 0.187 0.6475 0.114 0.173
