0 0.236 0.3905 0.056 0.097
0 0.269 0.258 0.062 0.108
0 0.3055 0.0735 0.055 0.107
0 0.2065 0.506 0.051 0.094
0 0.1485 0.7935 0.087 0.149
0 0.8995 0.898 0.075 0.098
1 0.091 0.3585 0.182 0.199
1 0.115 0.137 0.092 0.138
1 0.0375 0.5975 0.075 0.239
1 0.2425 0.7655 0.211 0.143
1 0.202 0.9415 0.166 0.113
1 0.431 0.225 0.166 0.198
1 0.433 0.0655 0.164 0.109
4 0.383 0.4735 0.032 0.033
4 0.3605 0.5525 0.033 0.045
4 0.404 0.372 0.026 0.058
4 0.633 0.2145 0.05 0.047
4 0.7575 0.456 0.031 0.028
4 0.7335 0.4355 0.017 0.049
