0 0.06 0.2175 0.108 0.051
0 0.048 0.0995 0.094 0.047
0 0.202 0.1625 0.258 0.079
0 0.5375 0.184 0.101 0.046
0 0.611 0.0495 0.078 0.059
0 0.777 0.041 0.08 0.072
0 0.5285 0.5455 0.037 0.087
0 0.607 0.5545 0.05 0.095
0 0.3035 0.729 0.081 0.112
0 0.3775 0.7395 0.065 0.103
0 0.4625 0.7775 0.063 0.087
0 0.5635 0.785 0.055 0.094
0 0.696 0.844 0.05 0.086
0 0.746 0.774 0.046 0.084
1 0.4465 0.422 0.239 0.23
1 0.2315 0.793 0.103 0.148
1 0.7395 0.5335 0.089 0.183
4 0.323 0.9215 0.03 0.049
4 0.365 0.925 0.044 0.05
4 0.4175 0.934 0.037 0.044
4 0.456 0.9545 0.026 0.045
4 0.0425 0.6175 0.049 0.057
