0 0.5845 0.4225 0.093 0.043
0 0.478 0.421 0.092 0.05
0 0.2455 0.408 0.093 0.056
0 0.224 0.138 0.042 0.096
0 0.8095 0.291 0.065 0.086
0 0.863 0.1965 0.074 0.091
0 0.9125 0.111 0.073 0.074
0 0.759 0.9095 0.062 0.089
0 0.725 0.695 0.052 0.09
0 0.8555 0.7615 0.069 0.115
0 0.8785 0.861 0.059 0.07
0 0.8815 0.9575 0.061 0.079
0 0.3275 0.5245 0.103 0.049
0 0.4485 0.5255 0.097 0.041
0 0.572 0.537 0.102 0.05
0 0.018 0.513 0.034 0.052
1 0.1615 0.404 0.233 0.252
1 0.11 0.6155 0.22 0.251
1 0.5065 0.62 0.159 0.212
1 0.669 0.713 0.13 0.256
1 0.8825 0.724 0.123 0.202
1 0.933 0.525 0.132 0.218
1 0.7575 0.2925 0.253 0.301
1 0.925 0.069 0.148 0.134
4 0.299 0.255 0.02 0.038
4 0.3505 0.279 0.057 0.062
4 0.744 0.1225 0.066 0.073
4 0.7905 0.063 0.051 0.08
