0 0.0815 0.6085 0.045 0.085
0 0.144 0.607 0.058 0.112
0 0.813 0.27 0.054 0.102
0 0.8285 0.386 0.051 0.1
0 0.8605 0.591 0.049 0.094
0 0.972 0.546 0.05 0.116
0 0.984 0.6565 0.03 0.099
0 0.8855 0.062 0.053 0.094
0 0.762 0.0245 0.052 0.049
0 0.7385 0.972 0.105 0.052
0 0.612 0.9815 0.094 0.033
0 0.936 0.3175 0.054 0.085
1 0.1505 0.265 0.205 0.242
1 0.025 0.4895 0.05 0.131
1 0.146 0.831 0.29 0.248
1 0.3935 0.8095 0.095 0.275
1 0.6425 0.845 0.127 0.192
1 0.7905 0.6565 0.213 0.287
1 0.9225 0.3945 0.153 0.239
1 0.7255 0.2345 0.203 0.223
1 0.966 0.187 0.066 0.216
4 0.2665 0.5855 0.027 0.037
4 0.656 0.5045 0.04 0.093
4 0.1685 0.0265 0.033 0.047
