0 0.1625 0.325 0.095 0.044
0 0.2745 0.329 0.113 0.046
0 0.573 0.3475 0.1 0.041
0 0.759 0.351 0.092 0.038
0 0.864 0.352 0.092 0.036
0 0.8635 0.472 0.097 0.046
0 0.6475 0.459 0.097 0.05
0 0.4185 0.4495 0.093 0.051
0 0.2045 0.4465 0.093 0.045
0 0.062 0.436 0.096 0.052
0 0.988 0.061 0.022 0.086
0 0.5475 0.9705 0.089 0.043
1 0.2725 0.5325 0.193 0.251
1 0.5145 0.5535 0.213 0.215
1 0.723 0.571 0.116 0.174
1 0.6895 0.803 0.131 0.192
1 0.918 0.577 0.162 0.246
1 0.867 0.281 0.264 0.286
1 0.591 0.3055 0.198 0.167
1 0.115 0.2755 0.216 0.291
4 0.46 0.2095 0.05 0.069
4 0.3825 0.1785 0.051 0.069
0 0.652 0.8535 0.054 0.073
