0 0.402 0.0265 0.04 0.043
0 0.3505 0.026 0.045 0.036
0 0.2515 0.8285 0.061 0.097
0 0.1145 0.7825 0.065 0.089
0 0.056 0.913 0.078 0.108
0 0.168 0.9515 0.048 0.091
0 0.217 0.955 0.058 0.084
0 0.2895 0.9655 0.055 0.065
0 0.425 0.7465 0.086 0.053
0 0.521 0.074 0.086 0.07
4 0.4075 0.284 0.037 0.044
4 0.3385 0.2125 0.057 0.065
4 0.426 0.158 0.074 0.092
4 0.1535 0.618 0.029 0.038
4 0.2705 0.646 0.067 0.048
4 0.4415 0.684 0.083 0.082
4 0.048 0.5935 0.022 0.029
4 0.153 0.5225 0.014 0.023
4 0.054 0.4825 0.026 0.031
4 0.4365 0.873 0.033 0.072
