0 0.16 0.4615 0.046 0.101
0 0.173 0.3495 0.036 0.107
0 0.8655 0.6585 0.049 0.107
0 0.88 0.538 0.042 0.096
0 0.8975 0.3745 0.049 0.117
0 0.722 0.315 0.046 0.11
0 0.918 0.0955 0.084 0.191
0 0.1365 0.031 0.045 0.062
1 0.058 0.674 0.116 0.208
1 0.161 0.882 0.188 0.182
1 0.932 0.1205 0.134 0.177
1 0.8765 0.752 0.059 0.076
4 0.5845 0.486 0.037 0.056
4 0.5835 0.3055 0.027 0.043
4 0.6195 0.3155 0.027 0.035
4 0.5385 0.549 0.037 0.058
4 0.5335 0.609 0.039 0.032
4 0.4965 0.705 0.039 0.066
4 0.0485 0.342 0.097 0.118
4 0.622 0.2015 0.048 0.059
4 0.648 0.098 0.03 0.062
4 0.308 0.9 0.026 0.048
