0 0.5475 0.0705 0.089 0.049
0 0.476 0.0535 0.058 0.035
0 0.9495 0.557 0.071 0.09
0 0.972 0.401 0.054 0.046
0 0.564 0.4125 0.07 0.079
0 0.516 0.4325 0.078 0.089
0 0.454 0.4335 0.072 0.077
0 0.2975 0.464 0.067 0.086
0 0.246 0.4705 0.072 0.079
0 0.177 0.494 0.072 0.094
0 0.0605 0.5165 0.067 0.083
0 0.0225 0.522 0.043 0.094
1 0.6245 0.2995 0.145 0.275
1 0.929 0.3115 0.14 0.179
1 0.3205 0.3815 0.089 0.109
4 0.796 0.3155 0.114 0.101
4 0.635 0.816 0.058 0.044
4 0.7535 0.867 0.031 0.054
4 0.83 0.7455 0.036 0.065
4 0.4945 0.579 0.047 0.044
4 0.1365 0.6495 0.039 0.023
4 0.204 0.63 0.034 0.044
