0 0.3465 0.4725 0.051 0.097
0 0.3965 0.618 0.041 0.102
0 0.386 0.8045 0.048 0.085
0 0.303 0.8385 0.04 0.089
0 0.1935 0.957 0.049 0.082
1 0.504 0.083 0.186 0.166
1 0.665 0.1615 0.098 0.165
1 0.9535 0.3625 0.091 0.177
1 0.4705 0.397 0.185 0.226
1 0.42 0.7835 0.16 0.157
1 0.545 0.93 0.278 0.124
1 0.7265 0.9045 0.079 0.121
1 0.9005 0.843 0.197 0.298
4 0.552 0.587 0.038 0.046
4 0.502 0.639 0.064 0.074
4 0.7515 0.328 0.025 0.048
4 0.8155 0.326 0.023 0.028
4 0.852 0.3375 0.012 0.021
4 0.6075 0.164 0.041 0.044
