0 0.2265 0.2245 0.037 0.083
0 0.216 0.3345 0.044 0.091
0 0.2065 0.4365 0.041 0.087
0 0.189 0.537 0.042 0.084
0 0.178 0.6395 0.05 0.099
0 0.15 0.851 0.046 0.1
0 0.8635 0.3305 0.057 0.083
0 0.9135 0.344 0.055 0.076
0 0.9505 0.361 0.055 0.088
0 0.9825 0.379 0.029 0.084
0 0.807 0.528 0.06 0.076
0 0.8585 0.5465 0.047 0.079
0 0.912 0.565 0.058 0.08
0 0.974 0.56 0.042 0.084
0 0.697 0.5535 0.076 0.071
0 0.6535 0.068 0.081 0.058
1 0.1995 0.376 0.139 0.18
1 0.1335 0.711 0.155 0.172
1 0.142 0.967 0.088 0.062
1 0.295 0.0615 0.128 0.117
1 0.72 0.117 0.23 0.228
1 0.9775 0.084 0.043 0.126
1 0.928 0.2655 0.142 0.155
1 0.958 0.773 0.082 0.288
4 0.291 0.484 0.03 0.082
4 0.2585 0.814 0.033 0.06
4 0.7855 0.627 0.033 0.05
4 0.5625 0.8615 0.023 0.077
