0 0.8835 0.1465 0.049 0.069
0 0.8445 0.2245 0.065 0.087
0 0.7935 0.3165 0.059 0.077
0 0.7555 0.39 0.077 0.096
0 0.6645 0.5615 0.065 0.087
0 0.6195 0.658 0.059 0.098
0 0.579 0.7455 0.07 0.097
0 0.528 0.8325 0.056 0.069
0 0.465 0.9475 0.06 0.079
0 0.07 0.885 0.07 0.082
0 0.0325 0.8485 0.059 0.085
0 0.4805 0.3965 0.097 0.085
1 0.5445 0.894 0.401 0.2
1 0.195 0.918 0.246 0.148
1 0.894 0.3805 0.138 0.201
1 0.572 0.3785 0.136 0.163
4 0.7335 0.1005 0.019 0.041
4 0.3795 0.7465 0.031 0.041
4 0.516 0.5 0.046 0.046
4 0.464 0.6125 0.036 0.033
