0 0.8465 0.797 0.081 0.1
0 0.889 0.821 0.066 0.072
0 0.9315 0.8445 0.065 0.081
0 0.9645 0.8825 0.065 0.093
1 0.45 0.211 0.092 0.132
1 0.373 0.7655 0.084 0.093
1 0.633 0.6615 0.126 0.165
1 0.5245 0.8815 0.233 0.207
1 0.836 0.913 0.134 0.162
1 0.7725 0.0705 0.209 0.125
1 0.884 0.1875 0.082 0.085
1 0.1425 0.1605 0.285 0.317
1 0.1285 0.9165 0.145 0.157
1 0.2995 0.3975 0.135 0.195
4 0.034 0.6695 0.024 0.031
4 0.012 0.6625 0.024 0.037
4 0.1185 0.5095 0.027 0.047
4 0.0625 0.916 0.031 0.028
4 0.1655 0.9495 0.033 0.035
4 0.348 0.8755 0.044 0.041
4 0.604 0.897 0.03 0.03
4 0.6475 0.268 0.035 0.042
4 0.489 0.4055 0.028 0.039
4 0.5175 0.357 0.027 0.04
4 0.527 0.2415 0.03 0.035
4 0.5215 0.122 0.025 0.044
4 0.483 0.081 0.036 0.038
4 0.412 0.0425 0.054 0.055
4 0.676 0.9105 0.044 0.067
