0 0.023 0.343 0.044 0.068
0 0.0505 0.3695 0.055 0.087
0 0.0955 0.375 0.057 0.086
0 0.1955 0.389 0.071 0.098
0 0.2435 0.408 0.069 0.098
0 0.292 0.4375 0.072 0.105
0 0.943 0.8515 0.076 0.097
0 0.9815 0.7595 0.035 0.069
0 0.891 0.953 0.062 0.074
0 0.2055 0.643 0.065 0.096
0 0.15 0.6175 0.062 0.081
0 0.102 0.601 0.052 0.074
0 0.0745 0.5635 0.061 0.081
0 0.0225 0.572 0.043 0.102
1 0.124 0.0645 0.138 0.119
1 0.15 0.2825 0.148 0.189
1 0.418 0.208 0.24 0.398
1 0.5695 0.455 0.081 0.124
1 0.5355 0.252 0.091 0.096
1 0.837 0.0595 0.136 0.113
1 0.976 0.081 0.046 0.152
1 0.6035 0.8215 0.237 0.199
1 0.8005 0.8915 0.107 0.183
1 0.1815 0.795 0.153 0.18
1 0.078 0.8625 0.038 0.073
1 0.17 0.9635 0.056 0.055
1 0.284 0.5975 0.06 0.097
1 0.872 0.6105 0.054 0.113
4 0.7695 0.599 0.073 0.094
4 0.822 0.5225 0.024 0.053
4 0.9355 0.3245 0.039 0.071
4 0.5625 0.5155 0.093 0.059
4 0.632 0.539 0.03 0.044
4 0.6745 0.019 0.029 0.038
