0 0.4755 0.6795 0.075 0.079
0 0.3795 0.731 0.083 0.11
0 0.4225 0.7745 0.063 0.075
0 0.4765 0.8085 0.073 0.103
0 0.539 0.8215 0.076 0.107
0 0.325 0.9475 0.084 0.075
0 0.4405 0.9855 0.081 0.023
1 0.102 0.363 0.188 0.248
1 0.703 0.293 0.452 0.368
1 0.87 0.056 0.222 0.102
1 0.2525 0.3645 0.115 0.185
1 0.2535 0.0755 0.201 0.151
1 0.4375 0.0575 0.123 0.109
4 0.367 0.415 0.09 0.086
4 0.3905 0.33 0.149 0.106
4 0.091 0.7305 0.076 0.079
4 0.7595 0.7435 0.019 0.047
4 0.288 0.806 0.036 0.05
4 0.2685 0.8335 0.035 0.037
