0 0.3095 0.426 0.055 0.108
0 0.305 0.5565 0.048 0.097
0 0.192 0.0635 0.046 0.103
1 0.344 0.2585 0.128 0.191
1 0.4445 0.255 0.067 0.162
1 0.478 0.0575 0.126 0.109
1 0.499 0.189 0.144 0.148
1 0.4115 0.832 0.181 0.19
1 0.3435 0.6265 0.185 0.209
1 0.2815 0.9145 0.089 0.149
1 0.0545 0.5255 0.109 0.359
1 0.7625 0.904 0.231 0.168
1 0.973 0.917 0.052 0.13
1 0.8825 0.1755 0.233 0.329
1 0.6625 0.1805 0.159 0.253
4 0.5605 0.0655 0.019 0.059
4 0.406 0.6885 0.034 0.063
4 0.448 0.646 0.034 0.052
4 0.427 0.484 0.04 0.048
4 0.4645 0.5145 0.019 0.021
4 0.933 0.667 0.022 0.042
4 0.907 0.6615 0.026 0.027
4 0.8925 0.6895 0.025 0.027
4 0.7115 0.8555 0.043 0.035
4 0.7705 0.8555 0.029 0.025
