0 0.9415 0.1645 0.083 0.111
0 0.8475 0.328 0.059 0.074
0 0.9235 0.437 0.081 0.094
0 0.6895 0.5985 0.077 0.099
0 0.6445 0.6835 0.077 0.093
0 0.5785 0.787 0.077 0.094
0 0.5055 0.9175 0.083 0.105
0 0.6625 0.8865 0.077 0.099
0 0.7195 0.7805 0.085 0.103
0 0.606 0.9645 0.07 0.067
0 0.987 0.0495 0.02 0.075
0 0.184 0.097 0.08 0.072
0 0.2175 0.049 0.077 0.066
0 0.274 0.0205 0.076 0.041
1 0.5765 0.6505 0.145 0.217
1 0.911 0.5835 0.176 0.195
1 0.8045 0.7745 0.121 0.199
1 0.685 0.952 0.134 0.092
1 0.1505 0.1105 0.301 0.203
1 0.7835 0.285 0.179 0.292
4 0.0255 0.713 0.043 0.05
4 0.0645 0.619 0.039 0.042
4 0.0345 0.562 0.039 0.05
4 0.5805 0.378 0.039 0.094
4 0.653 0.1965 0.074 0.067
4 0.8255 0.045 0.057 0.068
4 0.4525 0.6935 0.033 0.053
4 0.3315 0.8 0.071 0.094
4 0.8865 0.8945 0.033 0.041
4 0.8975 0.8555 0.021 0.037
4 0.8255 0.922 0.063 0.09
