0 0.6325 0.0515 0.063 0.097
0 0.6865 0.038 0.063 0.076
0 0.5425 0.0395 0.051 0.079
0 0.04 0.8085 0.074 0.067
0 0.026 0.856 0.046 0.058
1 0.1885 0.4615 0.095 0.151
1 0.3785 0.577 0.173 0.162
1 0.7615 0.3625 0.131 0.195
1 0.5555 0.512 0.081 0.104
1 0.662 0.527 0.102 0.198
1 0.797 0.6815 0.14 0.295
1 0.9665 0.6685 0.065 0.187
1 0.924 0.37 0.14 0.222
1 0.8785 0.0865 0.241 0.163
1 0.1535 0.9425 0.105 0.103
1 0.575 0.767 0.118 0.128
4 0.418 0.1895 0.048 0.065
4 0.553 0.91 0.03 0.046
4 0.8935 0.788 0.027 0.048
4 0.841 0.3905 0.026 0.051
