0 0.3475 0.5185 0.067 0.087
0 0.4785 0.3025 0.069 0.095
0 0.4995 0.034 0.065 0.064
0 0.2135 0.7535 0.061 0.089
0 0.11 0.6995 0.074 0.097
0 0.0495 0.814 0.071 0.092
0 0.1585 0.85 0.065 0.092
0 0.068 0.985 0.048 0.026
0 0.6005 0.079 0.073 0.096
0 0.6475 0.0185 0.049 0.033
0 0.939 0.806 0.07 0.062
0 0.911 0.853 0.076 0.068
0 0.9775 0.732 0.037 0.042
1 0.6685 0.1575 0.203 0.173
4 0.879 0.7245 0.028 0.057
4 0.5635 0.4585 0.035 0.067
4 0.601 0.41 0.03 0.058
4 0.621 0.374 0.036 0.044
4 0.5165 0.544 0.029 0.044
4 0.4785 0.632 0.041 0.056
4 0.1205 0.4735 0.043 0.073
4 0.195 0.342 0.044 0.042
4 0.238 0.2655 0.032 0.053
4 0.2615 0.2235 0.045 0.047
4 0.2945 0.114 0.063 0.05
4 0.1235 0.307 0.067 0.066
4 0.0285 0.5385 0.055 0.073
4 0.2735 0.9555 0.061 0.053
