0 0.388 0.144 0.058 0.1
0 0.463 0.332 0.056 0.082
0 0.5455 0.5665 0.067 0.101
0 0.6145 0.7355 0.077 0.115
0 0.679 0.8865 0.07 0.095
0 0.716 0.9745 0.05 0.041
0 0.3995 0.8765 0.101 0.073
0 0.2935 0.912 0.087 0.07
0 0.1935 0.944 0.089 0.062
0 0.0885 0.972 0.097 0.05
0 0.398 0.981 0.088 0.034
1 0.214 0.223 0.164 0.204
1 0.052 0.8945 0.104 0.195
1 0.66 0.546 0.306 0.394
1 0.894 0.405 0.21 0.268
1 0.884 0.892 0.192 0.186
4 0.5975 0.357 0.087 0.106
4 0.4895 0.1005 0.037 0.089
4 0.508 0.0265 0.09 0.043
4 0.975 0.252 0.048 0.038
