0 0.236 0.1915 0.082 0.047
0 0.356 0.1665 0.096 0.043
0 0.49 0.2245 0.082 0.105
0 0.5435 0.194 0.055 0.1
0 0.5575 0.3085 0.051 0.105
0 0.5995 0.474 0.041 0.076
0 0.7115 0.024 0.049 0.042
0 0.8455 0.709 0.091 0.054
0 0.941 0.692 0.092 0.048
0 0.2345 0.735 0.093 0.048
0 0.5295 0.758 0.091 0.054
0 0.108 0.8235 0.094 0.053
0 0.0215 0.843 0.037 0.036
4 0.0965 0.6445 0.029 0.039
4 0.017 0.643 0.034 0.06
4 0.1535 0.5775 0.039 0.041
4 0.2075 0.6035 0.041 0.057
4 0.3185 0.6165 0.045 0.055
4 0.3865 0.594 0.047 0.026
4 0.505 0.5825 0.034 0.057
4 0.627 0.576 0.06 0.074
4 0.9795 0.4755 0.039 0.059
4 0.309 0.904 0.08 0.068
4 0.545 0.8645 0.032 0.059
4 0.727 0.8365 0.09 0.039
4 0.0705 0.9495 0.083 0.053
