0 0.356 0.4105 0.038 0.099
0 0.402 0.1805 0.092 0.081
0 0.3425 0.6435 0.061 0.043
0 0.493 0.5675 0.096 0.059
0 0.042 0.695 0.084 0.056
0 0.872 0.8135 0.046 0.083
0 0.888 0.912 0.038 0.094
0 0.99 0.7045 0.012 0.105
1 0.157 0.562 0.212 0.25
1 0.4885 0.525 0.215 0.172
1 0.751 0.4735 0.078 0.127
1 0.886 0.411 0.062 0.168
1 0.9395 0.0755 0.119 0.145
1 0.309 0.747 0.15 0.168
4 0.077 0.4825 0.032 0.051
4 0.232 0.45 0.026 0.038
4 0.2845 0.457 0.033 0.046
4 0.759 0.389 0.026 0.07
4 0.434 0.74 0.038 0.066
4 0.718 0.704 0.04 0.05
