0 0.0205 0.556 0.041 0.046
0 0.1055 0.522 0.091 0.068
0 0.159 0.3815 0.09 0.069
0 0.4065 0.2995 0.095 0.069
0 0.363 0.43 0.098 0.074
0 0.4595 0.388 0.093 0.072
0 0.564 0.361 0.092 0.068
0 0.673 0.3225 0.088 0.063
0 0.879 0.2485 0.094 0.069
0 0.9675 0.214 0.059 0.066
0 0.7965 0.149 0.083 0.064
0 0.906 0.1175 0.094 0.071
0 0.9775 0.0855 0.039 0.055
1 0.0605 0.366 0.121 0.266
1 0.5745 0.1735 0.215 0.253
1 0.907 0.1 0.178 0.184
1 0.468 0.458 0.198 0.198
1 0.6445 0.3825 0.123 0.197
1 0.958 0.9235 0.082 0.111
4 0.2465 0.2345 0.049 0.057
4 0.0465 0.259 0.073 0.042
4 0.1175 0.2635 0.047 0.059
4 0.5505 0.8935 0.055 0.041
4 0.817 0.9785 0.036 0.033
