0 0.574 0.4565 0.086 0.071
0 0.7505 0.289 0.107 0.074
0 0.776 0.332 0.1 0.072
0 0.793 0.382 0.088 0.064
1 0.191 0.456 0.14 0.21
1 0.0445 0.3465 0.089 0.211
1 0.0715 0.639 0.125 0.256
1 0.1255 0.081 0.211 0.152
1 0.708 0.066 0.578 0.12
1 0.9045 0.919 0.189 0.152
1 0.5215 0.6265 0.155 0.181
1 0.9315 0.28 0.135 0.224
4 0.284 0.3645 0.046 0.063
4 0.1285 0.254 0.041 0.036
4 0.1735 0.235 0.023 0.038
4 0.202 0.217 0.03 0.05
4 0.2695 0.183 0.049 0.072
4 0.0475 0.1745 0.045 0.035
4 0.3455 0.5765 0.027 0.063
