0 0.266 0.9 0.094 0.076
0 0.2185 0.9505 0.081 0.073
1 0.2725 0.155 0.177 0.214
1 0.194 0.4775 0.102 0.153
1 0.1345 0.567 0.127 0.13
1 0.022 0.581 0.044 0.248
1 0.1215 0.926 0.141 0.13
1 0.2475 0.789 0.125 0.19
1 0.4785 0.67 0.183 0.166
1 0.6515 0.379 0.081 0.138
1 0.71 0.0455 0.07 0.091
1 0.9715 0.833 0.055 0.144
4 0.6475 0.192 0.035 0.06
4 0.8205 0.5265 0.027 0.039
4 0.943 0.478 0.026 0.058
4 0.979 0.439 0.04 0.048
4 0.946 0.658 0.046 0.066
4 0.1485 0.6765 0.071 0.061
4 0.1555 0.111 0.033 0.044
4 0.4195 0.033 0.043 0.062
