0 0.09 0.149 0.092 0.074
0 0.192 0.11 0.078 0.062
0 0.437 0.0325 0.09 0.059
0 0.752 0.042 0.088 0.064
0 0.8465 0.0215 0.087 0.039
0 0.5385 0.481 0.085 0.058
0 0.5 0.9415 0.052 0.093
0 0.708 0.899 0.054 0.1
1 0.2145 0.3115 0.153 0.163
1 0.439 0.237 0.156 0.216
1 0.805 0.1085 0.224 0.207
1 0.642 0.8285 0.2 0.219
1 0.8575 0.609 0.145 0.14
1 0.167 0.9245 0.148 0.121
1 0.225 0.7385 0.082 0.103
1 0.122 0.7905 0.098 0.087
1 0.0795 0.0585 0.159 0.113
1 0.3575 0.049 0.125 0.098
4 0.3645 0.697 0.049 0.044
4 0.15 0.384 0.038 0.036
4 0.0645 0.4395 0.049 0.049
4 0.8845 0.8315 0.043 0.089
4 0.9565 0.7865 0.029 0.051
1 0.3575 0.838 0.115 0.124
4 0.6455 0.224 0.035 0.058
4 0.723 0.1935 0.034 0.055
4 0.9195 0.116 0.023 0.044
4 0.965 0.096 0.022 0.034
4 0.974 0.025 0.038 0.05
