0 0.82 0.4965 0.038 0.073
0 0.4365 0.1185 0.037 0.089
0 0.899 0.0205 0.082 0.035
0 0.035 0.9405 0.07 0.063
0 0.351 0.855 0.076 0.056
0 0.5755 0.798 0.101 0.068
0 0.795 0.7315 0.098 0.061
0 0.8995 0.708 0.097 0.062
0 0.982 0.6875 0.03 0.035
1 0.027 0.543 0.054 0.082
1 0.1615 0.584 0.079 0.128
1 0.2775 0.6175 0.087 0.163
1 0.9055 0.509 0.105 0.134
1 0.8945 0.084 0.175 0.158
1 0.6285 0.8485 0.183 0.191
1 0.9195 0.783 0.087 0.168
1 0.1595 0.913 0.201 0.168
4 0.0125 0.683 0.025 0.056
4 0.0115 0.7605 0.023 0.035
4 0.5715 0.544 0.069 0.056
4 0.1475 0.065 0.051 0.066
4 0.0765 0.0455 0.047 0.087
4 0.0955 0.688 0.047 0.13
4 0.838 0.811 0.066 0.082
4 0.952 0.0235 0.022 0.035
4 0.977 0.0785 0.044 0.079
