0 0.034 0.036 0.066 0.056
1 0.08 0.6195 0.16 0.229
1 0.31 0.648 0.262 0.328
1 0.45 0.476 0.178 0.262
1 0.616 0.449 0.24 0.416
1 0.8475 0.345 0.125 0.118
1 0.173 0.09 0.224 0.162
1 0.3465 0.9615 0.111 0.059
4 0.6615 0.301 0.067 0.03
4 0.612 0.0515 0.054 0.043
4 0.494 0.1595 0.028 0.035
4 0.3115 0.0325 0.019 0.031
4 0.3385 0.438 0.041 0.05
4 0.9525 0.8245 0.037 0.055
4 0.869 0.5615 0.034 0.039
4 0.856 0.6465 0.04 0.053
4 0.9545 0.609 0.029 0.044
4 0.775 0.4945 0.05 0.057
4 0.9405 0.075 0.021 0.022
4 0.9555 0.171 0.033 0.054
