0 0.2395 0.303 0.091 0.048
0 0.3315 0.293 0.089 0.042
0 0.432 0.288 0.092 0.042
0 0.5255 0.287 0.095 0.036
0 0.644 0.278 0.084 0.044
0 0.932 0.2675 0.09 0.049
0 0.8815 0.891 0.081 0.096
0 0.743 0.76 0.062 0.09
0 0.7035 0.836 0.073 0.058
1 0.061 0.568 0.122 0.504
1 0.221 0.6755 0.162 0.501
1 0.3945 0.399 0.077 0.106
1 0.681 0.3875 0.176 0.173
1 0.852 0.3515 0.112 0.231
1 0.653 0.8955 0.282 0.197
1 0.4215 0.117 0.605 0.216
1 0.8975 0.096 0.203 0.18
4 0.829 0.5865 0.022 0.253
4 0.8585 0.7745 0.061 0.103
4 0.51 0.8465 0.064 0.031
