0 0.089 0.393 0.064 0.046
0 0.169 0.3555 0.072 0.065
0 0.373 0.2835 0.086 0.063
0 0.468 0.242 0.09 0.074
0 0.5625 0.2 0.095 0.066
0 0.646 0.1725 0.082 0.065
0 0.753 0.1355 0.096 0.069
0 0.851 0.0975 0.084 0.069
0 0.6515 0.7855 0.055 0.103
0 0.696 0.7645 0.056 0.091
0 0.272 0.4025 0.054 0.083
1 0.5095 0.292 0.123 0.182
1 0.704 0.2305 0.142 0.195
1 0.955 0.72 0.088 0.224
4 0.1875 0.4445 0.125 0.085
4 0.4055 0.368 0.033 0.056
4 0.5645 0.0515 0.033 0.043
4 0.5205 0.078 0.039 0.062
4 0.87 0.226 0.032 0.056
4 0.814 0.195 0.068 0.046
4 0.9595 0.1385 0.049 0.077
4 0.421 0.897 0.044 0.046
