1 0.891 0.3945 0.182 0.227
1 0.924 0.962 0.084 0.072
1 0.3625 0.946 0.165 0.098
1 0.662 0.9315 0.126 0.121
4 0.306 0.472 0.028 0.036
4 0.2905 0.516 0.033 0.04
4 0.2985 0.681 0.029 0.218
4 0.3195 0.8335 0.019 0.031
4 0.486 0.8375 0.28 0.019
4 0.6575 0.8335 0.017 0.025
4 0.696 0.8145 0.028 0.041
4 0.6975 0.625 0.035 0.296
4 0.6795 0.453 0.029 0.028
4 0.5085 0.4515 0.287 0.041
4 0.579 0.3005 0.362 0.017
4 0.7535 0.2215 0.061 0.141
1 0.3085 0.273 0.145 0.156
1 0.025 0.066 0.05 0.122
4 0.035 0.909 0.07 0.064
4 0.1215 0.894 0.059 0.046
