0 0.505 0.2685 0.054 0.091
0 0.49 0.4095 0.054 0.079
0 0.404 0.458 0.058 0.078
0 0.5655 0.6205 0.069 0.093
0 0.7855 0.3415 0.079 0.093
0 0.859 0.4225 0.082 0.095
0 0.929 0.5045 0.058 0.071
0 0.8105 0.6295 0.043 0.065
0 0.7315 0.527 0.085 0.084
0 0.8905 0.7865 0.047 0.091
1 0.3325 0.4305 0.099 0.135
1 0.2455 0.711 0.363 0.394
1 0.449 0.9505 0.062 0.095
1 0.272 0.9635 0.084 0.069
1 0.23 0.199 0.46 0.394
1 0.6095 0.217 0.135 0.238
4 0.6055 0.5885 0.033 0.067
4 0.666 0.6005 0.048 0.073
4 0.7675 0.134 0.119 0.232
4 0.938 0.739 0.056 0.056
4 0.9645 0.821 0.069 0.074
4 0.982 0.8895 0.034 0.051
