0 0.563 0.1575 0.084 0.055
0 0.3425 0.226 0.097 0.04
0 0.34 0.3225 0.1 0.055
0 0.86 0.58 0.086 0.058
0 0.7725 0.614 0.077 0.066
0 0.684 0.6395 0.088 0.075
0 0.5385 0.687 0.091 0.074
0 0.437 0.713 0.092 0.086
0 0.3445 0.75 0.079 0.062
0 0.252 0.7935 0.094 0.073
0 0.133 0.82 0.078 0.066
0 0.0415 0.856 0.077 0.056
3 0.3955 0.4285 0.055 0.107
0 0.87 0.0175 0.098 0.035
0 0.965 0.0245 0.068 0.043
1 0.1015 0.35 0.117 0.15
1 0.043 0.2375 0.086 0.199
1 0.266 0.662 0.104 0.134
1 0.2495 0.5005 0.085 0.127
1 0.4905 0.6065 0.081 0.121
4 0.5265 0.8505 0.105 0.073
4 0.1535 0.9815 0.079 0.033
1 0.086 0.7265 0.172 0.127
1 0.8245 0.491 0.179 0.11
1 0.225 0.086 0.04 0.064
