0 0.0745 0.024 0.083 0.044
0 0.397 0.057 0.092 0.044
0 0.3065 0.048 0.079 0.04
0 0.5455 0.0695 0.095 0.043
0 0.7955 0.0875 0.101 0.057
0 0.966 0.108 0.062 0.044
0 0.7665 0.3845 0.117 0.093
0 0.622 0.379 0.106 0.074
0 0.4735 0.424 0.093 0.082
0 0.354 0.466 0.1 0.084
1 0.213 0.203 0.074 0.1
1 0.2475 0.3525 0.097 0.143
1 0.3315 0.312 0.097 0.148
1 0.403 0.2175 0.054 0.091
1 0.4705 0.254 0.051 0.076
1 0.171 0.746 0.186 0.184
1 0.927 0.423 0.144 0.222
1 0.9735 0.6125 0.051 0.145
1 0.5795 0.9285 0.085 0.127
4 0.543 0.558 0.028 0.024
4 0.763 0.2405 0.04 0.051
0 0.6215 0.186 0.115 0.054
