0 0.6595 0.312 0.045 0.096
0 0.6065 0.3035 0.047 0.095
0 0.682 0.712 0.09 0.048
0 0.874 0.7335 0.092 0.045
0 0.265 0.666 0.088 0.038
0 0.174 0.6595 0.084 0.041
0 0.322 0.925 0.044 0.11
1 0.089 0.5455 0.178 0.271
1 0.2585 0.602 0.115 0.19
1 0.38 0.6105 0.116 0.211
1 0.518 0.6165 0.152 0.237
1 0.821 0.444 0.192 0.202
1 0.858 0.612 0.24 0.244
1 0.6805 0.1005 0.205 0.195
4 0.854 0.144 0.054 0.242
4 0.204 0.8275 0.046 0.085
4 0.0305 0.8085 0.037 0.047
4 0.963 0.876 0.072 0.064
0 0.087 0.6465 0.074 0.053
