0 0.4075 0.37 0.055 0.094
0 0.368 0.5195 0.06 0.099
0 0.2745 0.5585 0.059 0.111
0 0.307 0.799 0.06 0.086
0 0.0915 0.8135 0.099 0.069
0 0.4665 0.491 0.059 0.078
0 0.704 0.283 0.05 0.084
0 0.635 0.066 0.052 0.102
0 0.496 0.1135 0.042 0.089
1 0.3805 0.165 0.153 0.23
1 0.0855 0.625 0.171 0.206
1 0.1835 0.885 0.367 0.22
1 0.4885 0.8445 0.079 0.145
1 0.112 0.4085 0.076 0.145
4 0.5735 0.53 0.123 0.21
4 0.668 0.776 0.128 0.242
4 0.1205 0.1905 0.043 0.061
4 0.066 0.023 0.056 0.036
4 0.9055 0.439 0.025 0.036
4 0.893 0.134 0.052 0.086
4 0.8345 0.0425 0.043 0.079
4 0.5385 0.912 0.037 0.048
