0 0.1405 0.321 0.091 0.08
0 0.149 0.4845 0.098 0.061
0 0.3715 0.794 0.083 0.056
0 0.46 0.7615 0.076 0.065
0 0.577 0.722 0.094 0.068
0 0.6965 0.675 0.097 0.07
0 0.799 0.643 0.098 0.068
0 0.9355 0.595 0.061 0.064
0 0.9855 0.5705 0.021 0.051
1 0.2015 0.103 0.163 0.206
1 0.035 0.082 0.07 0.112
1 0.249 0.753 0.156 0.23
1 0.4545 0.702 0.143 0.182
1 0.6435 0.5895 0.137 0.123
1 0.7055 0.844 0.085 0.094
1 0.8185 0.7955 0.115 0.121
1 0.9715 0.1855 0.055 0.183
4 0.0455 0.227 0.031 0.04
4 0.5415 0.139 0.029 0.088
4 0.559 0.0265 0.038 0.037
4 0.8555 0.06 0.031 0.044
4 0.498 0.9215 0.024 0.045
4 0.5225 0.9105 0.025 0.039
4 0.5875 0.882 0.031 0.04
4 0.115 0.781 0.04 0.056
4 0.05 0.7855 0.02 0.033
0 0.009 0.3995 0.018 0.097
0 0.183 0.3645 0.058 0.037
0 0.232 0.8445 0.086 0.059
0 0.135 0.88 0.082 0.056
