0 0.2285 0.065 0.053 0.084
0 0.097 0.0555 0.07 0.091
0 0.5545 0.0325 0.045 0.061
0 0.6645 0.0405 0.051 0.075
0 0.7135 0.0445 0.057 0.083
0 0.882 0.642 0.056 0.092
1 0.0775 0.3195 0.155 0.191
1 0.183 0.2085 0.122 0.115
1 0.431 0.1925 0.108 0.127
1 0.166 0.636 0.332 0.28
1 0.032 0.8655 0.064 0.167
1 0.757 0.7875 0.14 0.193
1 0.8015 0.5225 0.109 0.195
1 0.8715 0.2865 0.153 0.171
1 0.853 0.1245 0.272 0.233
4 0.495 0.2545 0.052 0.065
4 0.449 0.2515 0.024 0.041
4 0.108 0.8125 0.05 0.073
4 0.3815 0.806 0.077 0.118
4 0.6395 0.4135 0.117 0.065
4 0.0565 0.1935 0.055 0.063
