0 0.1385 0.838 0.089 0.036
0 0.4655 0.872 0.089 0.048
0 0.8675 0.912 0.089 0.048
0 0.964 0.9215 0.07 0.045
0 0.3345 0.212 0.099 0.064
0 0.344 0.1025 0.084 0.059
0 0.3395 0.274 0.081 0.07
1 0.3315 0.389 0.087 0.176
1 0.326 0.562 0.088 0.134
1 0.09 0.078 0.18 0.14
1 0.1915 0.292 0.057 0.082
1 0.867 0.6675 0.258 0.413
1 0.634 0.802 0.166 0.194
4 0.198 0.6195 0.044 0.149
4 0.2995 0.711 0.029 0.124
4 0.855 0.297 0.018 0.044
4 0.5665 0.129 0.045 0.1
4 0.6105 0.0315 0.027 0.059
4 0.1575 0.764 0.039 0.04
