0 0.662 0.449 0.03 0.086
0 0.7115 0.439 0.053 0.088
0 0.686 0.6295 0.05 0.099
0 0.7425 0.6405 0.043 0.077
0 0.715 0.7415 0.044 0.085
0 0.762 0.7355 0.05 0.087
0 0.81 0.7145 0.05 0.087
0 0.796 0.607 0.04 0.09
0 0.855 0.623 0.046 0.088
0 0.9395 0.811 0.087 0.05
0 0.0135 0.867 0.027 0.054
0 0.0255 0.9495 0.051 0.059
0 0.0305 0.9845 0.059 0.027
0 0.357 0.6625 0.04 0.085
1 0.296 0.546 0.374 0.276
1 0.4385 0.853 0.229 0.242
1 0.6195 0.1515 0.117 0.121
1 0.631 0.291 0.156 0.144
1 0.9355 0.6225 0.109 0.211
1 0.689 0.8025 0.102 0.241
1 0.29 0.112 0.142 0.188
4 0.8555 0.44 0.093 0.06
4 0.9465 0.4055 0.033 0.039
4 0.614 0.6915 0.058 0.079
