0 0.102 0.4765 0.094 0.047
0 0.084 0.6605 0.09 0.047
0 0.0945 0.802 0.087 0.042
0 0.0845 0.942 0.103 0.052
0 0.251 0.541 0.078 0.038
0 0.2455 0.5895 0.089 0.039
0 0.377 0.077 0.04 0.1
0 0.6195 0.4505 0.095 0.045
0 0.79 0.0345 0.092 0.045
0 0.775 0.0885 0.088 0.053
1 0.6255 0.878 0.179 0.156
1 0.4965 0.8565 0.075 0.091
1 0.478 0.5855 0.074 0.103
0 0.4695 0.6465 0.027 0.095
4 0.438 0.8425 0.038 0.051
1 0.1085 0.0885 0.033 0.047
1 0.288 0.0955 0.028 0.051
1 0.4925 0.077 0.045 0.078
1 0.9265 0.038 0.145 0.07
1 0.7975 0.8705 0.157 0.137
