0 0.3025 0.0245 0.097 0.043
0 0.292 0.098 0.086 0.054
0 0.2615 0.1925 0.085 0.061
0 0.247 0.2715 0.09 0.057
0 0.2225 0.322 0.087 0.056
0 0.1965 0.49 0.089 0.06
0 0.4065 0.4495 0.099 0.061
0 0.4415 0.323 0.105 0.066
0 0.367 0.676 0.102 0.064
0 0.327 0.8225 0.09 0.061
0 0.292 0.9705 0.09 0.049
0 0.708 0.518 0.086 0.04
0 0.6955 0.5675 0.105 0.049
0 0.663 0.6705 0.09 0.041
0 0.794 0.712 0.046 0.098
0 0.64 0.804 0.108 0.046
1 0.5735 0.5225 0.195 0.207
1 0.612 0.871 0.258 0.248
1 0.5385 0.137 0.105 0.246
4 0.61 0.3005 0.026 0.035
4 0.903 0.2875 0.04 0.069
