0 0.6365 0.2475 0.039 0.091
0 0.7945 0.241 0.037 0.08
0 0.9405 0.2365 0.041 0.095
0 0.899 0.4525 0.038 0.085
0 0.8575 0.461 0.035 0.062
0 0.5135 0.459 0.045 0.098
0 0.461 0.466 0.04 0.102
0 0.299 0.865 0.04 0.092
0 0.407 0.8595 0.046 0.101
0 0.4605 0.8665 0.045 0.097
0 0.5075 0.868 0.043 0.094
0 0.5575 0.8645 0.037 0.093
0 0.6635 0.867 0.039 0.106
0 0.866 0.949 0.092 0.048
1 0.09 0.0575 0.18 0.115
1 0.2105 0.8705 0.097 0.113
1 0.8635 0.8615 0.117 0.123
4 0.5315 0.149 0.067 0.138
4 0.75 0.8275 0.056 0.043
