0 0.376 0.173 0.048 0.106
0 0.471 0.186 0.042 0.104
0 0.519 0.1855 0.044 0.087
0 0.664 0.2005 0.052 0.077
0 0.0195 0.0495 0.037 0.099
0 0.081 0.5765 0.046 0.087
0 0.183 0.595 0.054 0.094
0 0.0735 0.824 0.033 0.094
0 0.0655 0.902 0.045 0.084
0 0.111 0.911 0.044 0.086
0 0.2095 0.915 0.041 0.1
0 0.2715 0.9125 0.055 0.095
0 0.373 0.8295 0.042 0.081
0 0.37 0.92 0.042 0.084
0 0.4235 0.933 0.033 0.088
0 0.4705 0.9395 0.043 0.081
0 0.5165 0.9375 0.041 0.083
0 0.5135 0.838 0.041 0.086
0 0.4675 0.6145 0.043 0.107
0 0.6065 0.6825 0.093 0.051
0 0.126 0.81 0.042 0.092
1 0.9565 0.059 0.085 0.114
1 0.1025 0.083 0.115 0.118
0 0.422 0.8405 0.038 0.083
