0 0.3525 0.027 0.093 0.05
0 0.3375 0.0775 0.081 0.045
0 0.6635 0.0335 0.085 0.047
0 0.6415 0.088 0.073 0.048
0 0.612 0.1815 0.078 0.051
0 0.459 0.3685 0.08 0.049
0 0.548 0.35 0.092 0.052
0 0.221 0.5245 0.06 0.095
0 0.1935 0.6425 0.049 0.087
0 0.3055 0.8545 0.095 0.057
0 0.297 0.9075 0.088 0.055
0 0.285 0.9575 0.088 0.055
0 0.957 0.964 0.076 0.066
1 0.145 0.7255 0.108 0.171
1 0.3715 0.896 0.145 0.204
1 0.4685 0.832 0.055 0.148
1 0.91 0.274 0.178 0.296
4 0.3475 0.4625 0.047 0.065
4 0.429 0.6955 0.04 0.059
4 0.5255 0.1945 0.101 0.131
4 0.246 0.185 0.058 0.092
4 0.265 0.0755 0.046 0.079
