0 0.112 0.466 0.042 0.102
0 0.148 0.159 0.08 0.06
0 0.161 0.217 0.084 0.072
0 0.554 0.5595 0.096 0.069
0 0.0665 0.6925 0.093 0.067
0 0.0295 0.8575 0.057 0.067
0 0.1205 0.8445 0.109 0.063
0 0.24 0.8135 0.096 0.061
0 0.3445 0.779 0.085 0.06
0 0.458 0.7525 0.098 0.061
0 0.458 0.662 0.078 0.064
0 0.702 0.68 0.08 0.048
0 0.9405 0.522 0.107 0.074
1 0.473 0.5085 0.112 0.133
1 0.7185 0.435 0.111 0.134
1 0.937 0.3675 0.058 0.087
1 0.9155 0.2505 0.067 0.107
1 0.087 0.6015 0.126 0.207
4 0.3715 0.414 0.035 0.032
4 0.9635 0.222 0.033 0.038
4 0.9275 0.1275 0.033 0.047
