0 0.446 0.463 0.09 0.05
0 0.4865 0.51 0.095 0.04
0 0.5255 0.561 0.085 0.042
0 0.5205 0.6375 0.071 0.077
0 0.6475 0.705 0.071 0.042
0 0.677 0.754 0.098 0.044
0 0.8125 0.7525 0.061 0.087
0 0.8465 0.7975 0.057 0.083
0 0.882 0.846 0.052 0.094
0 0.922 0.8835 0.056 0.085
0 0.8115 0.9355 0.085 0.035
0 0.8375 0.9865 0.061 0.023
0 0.3055 0.276 0.087 0.05
1 0.0965 0.305 0.193 0.346
1 0.266 0.382 0.176 0.198
1 0.31 0.117 0.23 0.228
1 0.551 0.6095 0.146 0.163
1 0.7195 0.8385 0.159 0.257
1 0.902 0.9025 0.15 0.189
4 0.1045 0.7255 0.039 0.035
4 0.118 0.7595 0.04 0.045
4 0.1635 0.818 0.045 0.05
4 0.2155 0.897 0.037 0.058
4 0.1455 0.549 0.067 0.072
