0 0.065 0.5005 0.044 0.085
0 0.0195 0.527 0.037 0.094
0 0.118 0.4875 0.04 0.095
0 0.1675 0.4895 0.039 0.097
0 0.4905 0.368 0.087 0.07
0 0.473 0.4595 0.074 0.057
0 0.5565 0.4215 0.077 0.083
0 0.744 0.3035 0.078 0.059
0 0.6365 0.3585 0.073 0.079
0 0.709 0.122 0.06 0.084
0 0.6715 0.044 0.063 0.082
0 0.8415 0.2715 0.087 0.055
0 0.9315 0.2475 0.075 0.061
0 0.991 0.238 0.016 0.042
0 0.6035 0.8335 0.083 0.095
0 0.6885 0.9415 0.073 0.083
0 0.3045 0.5985 0.071 0.083
0 0.276 0.634 0.072 0.08
0 0.2315 0.658 0.059 0.068
0 0.1955 0.6865 0.067 0.079
0 0.161 0.72 0.07 0.078
0 0.1165 0.7355 0.065 0.077
0 0.088 0.7765 0.066 0.089
0 0.0485 0.8075 0.065 0.073
1 0.054 0.869 0.108 0.204
1 0.2115 0.7 0.095 0.15
1 0.647 0.353 0.106 0.174
1 0.976 0.062 0.046 0.124
1 0.2235 0.0325 0.251 0.065
1 0.9215 0.9455 0.155 0.099
