0 0.1495 0.3305 0.055 0.069
0 0.2215 0.333 0.059 0.08
0 0.457 0.2655 0.05 0.087
0 0.1385 0.6005 0.055 0.093
0 0.1925 0.581 0.055 0.102
0 0.9055 0.4755 0.049 0.095
0 0.938 0.112 0.05 0.094
0 0.804 0.0335 0.068 0.061
0 0.6925 0.644 0.071 0.044
0 0.751 0.7805 0.09 0.055
0 0.7695 0.842 0.089 0.056
0 0.913 0.699 0.056 0.1
0 0.9585 0.6775 0.035 0.077
1 0.67 0.1135 0.214 0.215
1 0.743 0.9675 0.102 0.053
4 0.497 0.0205 0.02 0.031
4 0.453 0.0285 0.028 0.033
4 0.4075 0.0255 0.021 0.033
4 0.3675 0.0295 0.017 0.031
4 0.321 0.0355 0.016 0.031
4 0.281 0.0325 0.024 0.029
