0 0.503 0.642 0.08 0.084
0 0.573 0.7285 0.078 0.079
0 0.622 0.801 0.074 0.076
0 0.662 0.8395 0.082 0.077
0 0.688 0.8865 0.086 0.077
0 0.412 0.852 0.08 0.078
0 0.436 0.9015 0.07 0.063
0 0.471 0.939 0.078 0.086
0 0.509 0.9665 0.086 0.063
0 0.1535 0.902 0.075 0.072
0 0.1285 0.8645 0.079 0.071
0 0.101 0.822 0.07 0.066
0 0.024 0.7065 0.048 0.081
0 0.039 0.7465 0.076 0.079
0 0.066 0.7825 0.08 0.093
0 0.0345 0.982 0.039 0.03
1 0.1375 0.323 0.275 0.288
1 0.139 0.6165 0.13 0.173
1 0.572 0.503 0.104 0.174
1 0.8435 0.302 0.311 0.334
1 0.8285 0.857 0.293 0.27
1 0.276 0.875 0.298 0.24
1 0.3145 0.656 0.161 0.12
1 0.973 0.044 0.052 0.082
4 0.9235 0.615 0.073 0.102
