0 0.051 0.195 0.07 0.042
0 0.0795 0.256 0.105 0.05
0 0.0575 0.527 0.057 0.09
0 0.168 0.624 0.06 0.104
0 0.2415 0.7125 0.067 0.107
0 0.409 0.636 0.09 0.052
0 0.5025 0.73 0.107 0.052
0 0.5415 0.7895 0.079 0.047
0 0.7135 0.4525 0.059 0.085
1 0.5275 0.4935 0.319 0.387
1 0.7145 0.2505 0.191 0.201
1 0.4425 0.9095 0.173 0.169
1 0.314 0.7755 0.1 0.147
1 0.0935 0.7825 0.187 0.395
1 0.136 0.362 0.058 0.092
1 0.2615 0.029 0.059 0.054
1 0.0445 0.075 0.089 0.14
4 0.5235 0.0975 0.023 0.025
4 0.5385 0.124 0.029 0.034
4 0.214 0.4525 0.076 0.075
4 0.3535 0.3835 0.071 0.043
4 0.723 0.8125 0.06 0.093
4 0.6735 0.853 0.021 0.042
4 0.741 0.543 0.022 0.036
4 0.8015 0.974 0.125 0.042
4 0.234 0.8745 0.062 0.067
