0 0.0275 0.22 0.055 0.048
0 0.134 0.188 0.092 0.062
0 0.201 0.087 0.092 0.05
0 0.2665 0.011 0.087 0.022
0 0.256 0.155 0.096 0.062
0 0.3655 0.1225 0.093 0.067
0 0.484 0.0885 0.092 0.057
0 0.606 0.0545 0.096 0.059
0 0.71 0.0285 0.076 0.051
0 0.8105 0.014 0.083 0.028
1 0.83 0.784 0.294 0.23
1 0.9535 0.616 0.091 0.212
1 0.906 0.95 0.138 0.094
1 0.0285 0.9425 0.057 0.111
4 0.927 0.3955 0.044 0.065
4 0.8615 0.4225 0.039 0.077
4 0.403 0.7555 0.06 0.035
4 0.454 0.7585 0.03 0.035
4 0.3775 0.8465 0.025 0.053
4 0.456 0.835 0.054 0.052
