1 0.096 0.6355 0.192 0.179
1 0.1715 0.458 0.163 0.192
1 0.3165 0.457 0.137 0.17
1 0.4985 0.8485 0.997 0.287
1 0.9675 0.6465 0.063 0.113
1 0.839 0.2555 0.082 0.121
1 0.7795 0.063 0.245 0.122
1 0.154 0.0855 0.048 0.087
4 0.422 0.142 0.084 0.064
4 0.57 0.107 0.042 0.038
4 0.3915 0.3465 0.029 0.051
4 0.085 0.2395 0.042 0.035
4 0.012 0.259 0.024 0.05
4 0.5965 0.304 0.021 0.046
4 0.5285 0.3215 0.027 0.031
4 0.6795 0.335 0.039 0.05
4 0.563 0.438 0.036 0.038
4 0.637 0.4185 0.034 0.047
4 0.6255 0.5375 0.063 0.071
4 0.5385 0.5265 0.039 0.057
4 0.657 0.6755 0.054 0.049
