0 0.166 0.71 0.088 0.052
0 0.612 0.5295 0.082 0.075
0 0.014 0.9225 0.028 0.095
1 0.235 0.594 0.27 0.21
1 0.904 0.5385 0.19 0.327
1 0.7135 0.483 0.141 0.254
0 0.8505 0.569 0.061 0.064
0 0.9455 0.1445 0.035 0.093
1 0.039 0.625 0.078 0.182
1 0.851 0.0525 0.12 0.101
4 0.4865 0.276 0.089 0.062
4 0.53 0.1345 0.074 0.043
4 0.5975 0.3585 0.051 0.085
4 0.6495 0.383 0.037 0.048
4 0.073 0.547 0.06 0.038
4 0.013 0.2005 0.026 0.059
4 0.2125 0.557 0.039 0.024
4 0.786 0.7785 0.22 0.053
4 0.702 0.879 0.046 0.124
