0 0.0775 0.4305 0.045 0.085
0 0.3315 0.684 0.087 0.056
0 0.585 0.4925 0.052 0.089
0 0.6265 0.4805 0.055 0.089
0 0.7045 0.555 0.053 0.08
0 0.7325 0.649 0.055 0.09
0 0.5415 0.6035 0.089 0.057
0 0.549 0.652 0.082 0.054
0 0.581 0.6905 0.08 0.053
0 0.5885 0.7425 0.103 0.063
0 0.6005 0.7935 0.099 0.065
0 0.161 0.02 0.1 0.04
1 0.274 0.1315 0.146 0.149
1 0.335 0.039 0.108 0.068
1 0.5725 0.5175 0.087 0.143
1 0.7325 0.5525 0.133 0.227
1 0.81 0.8085 0.142 0.183
1 0.984 0.752 0.03 0.13
1 0.398 0.8685 0.136 0.157
1 0.4095 0.5835 0.109 0.077
4 0.777 0.577 0.034 0.044
4 0.847 0.8575 0.04 0.053
4 0.209 0.157 0.03 0.044
4 0.416 0.0985 0.032 0.043
4 0.612 0.055 0.058 0.038
