0 0.2375 0.0275 0.049 0.049
0 0.4305 0.2675 0.101 0.063
0 0.949 0.135 0.098 0.062
0 0.4945 0.863 0.081 0.08
0 0.467 0.7975 0.058 0.057
0 0.3855 0.7085 0.047 0.089
0 0.314 0.7925 0.042 0.083
0 0.3985 0.8235 0.049 0.095
0 0.325 0.928 0.048 0.1
0 0.42 0.951 0.052 0.092
0 0.2055 0.6255 0.045 0.103
1 0.619 0.5915 0.058 0.127
1 0.6625 0.946 0.075 0.104
1 0.457 0.6895 0.148 0.209
1 0.5095 0.9475 0.123 0.101
0 0.5295 0.9775 0.053 0.033
4 0.632 0.4085 0.034 0.063
4 0.588 0.4735 0.024 0.051
4 0.922 0.3325 0.048 0.053
4 0.9875 0.3175 0.023 0.067
4 0.036 0.087 0.03 0.05
