0 0.2785 0.414 0.061 0.092
0 0.3385 0.395 0.051 0.08
0 0.397 0.377 0.06 0.086
0 0.0665 0.139 0.043 0.09
0 0.1115 0.128 0.041 0.092
0 0.1595 0.1255 0.049 0.093
0 0.2105 0.118 0.041 0.102
0 0.2405 0.217 0.041 0.092
0 0.1815 0.2175 0.039 0.077
0 0.1265 0.224 0.043 0.09
0 0.078 0.2365 0.04 0.089
0 0.025 0.2435 0.04 0.089
1 0.1835 0.8035 0.367 0.381
1 0.429 0.7075 0.116 0.225
0 0.0635 0.6965 0.059 0.113
0 0.0235 0.7085 0.047 0.129
1 0.532 0.1115 0.252 0.213
1 0.596 0.666 0.186 0.236
1 0.8965 0.4765 0.205 0.527
1 0.9685 0.134 0.061 0.126
