0 0.379 0.5285 0.072 0.087
0 0.0705 0.7025 0.065 0.087
0 0.06 0.826 0.074 0.09
0 0.1755 0.784 0.097 0.094
0 0.1655 0.908 0.063 0.08
0 0.275 0.847 0.08 0.098
0 0.548 0.765 0.08 0.112
0 0.863 0.8535 0.074 0.085
0 0.918 0.902 0.072 0.088
0 0.9665 0.937 0.065 0.082
0 0.9455 0.654 0.063 0.07
0 0.93 0.474 0.06 0.082
0 0.727 0.5075 0.072 0.081
0 0.629 0.4375 0.074 0.089
0 0.5175 0.374 0.075 0.092
0 0.4975 0.204 0.063 0.08
0 0.4525 0.142 0.067 0.08
0 0.2215 0.0275 0.067 0.055
0 0.7135 0.058 0.073 0.092
0 0.9485 0.215 0.071 0.088
1 0.05 0.146 0.1 0.21
1 0.4885 0.656 0.169 0.18
1 0.6425 0.751 0.165 0.216
1 0.1565 0.829 0.207 0.252
1 0.5085 0.978 0.183 0.034
1 0.9125 0.927 0.173 0.136
