0 0.3385 0.1345 0.099 0.069
0 0.0845 0.3975 0.059 0.097
0 0.041 0.428 0.046 0.06
0 0.0235 0.6805 0.047 0.101
0 0.1515 0.6445 0.053 0.079
0 0.528 0.5855 0.096 0.063
0 0.523 0.0395 0.058 0.079
0 0.556 0.157 0.056 0.094
0 0.5875 0.275 0.049 0.086
0 0.66 0.264 0.048 0.094
0 0.6145 0.3735 0.045 0.085
0 0.6365 0.4855 0.047 0.089
0 0.6885 0.4565 0.045 0.093
0 0.6645 0.603 0.051 0.092
0 0.747 0.7225 0.052 0.081
0 0.6955 0.735 0.041 0.086
0 0.6135 0.722 0.051 0.092
0 0.6255 0.914 0.059 0.098
0 0.7165 0.8435 0.049 0.085
0 0.742 0.9565 0.054 0.083
0 0.8175 0.979 0.065 0.038
0 0.9555 0.21 0.075 0.082
0 0.9135 0.169 0.075 0.094
0 0.873 0.135 0.066 0.082
0 0.8325 0.1115 0.067 0.079
0 0.7615 0.029 0.077 0.052
0 0.2375 0.9255 0.089 0.145
0 0.143 0.832 0.056 0.082
0 0.13 0.939 0.056 0.102
0 0.06 0.8865 0.078 0.147
1 0.812 0.623 0.16 0.2
4 0.462 0.3215 0.112 0.271
4 0.1395 0.3135 0.041 0.115
4 0.1875 0.493 0.037 0.076
