0 0.388 0.173 0.106 0.052
0 0.648 0.846 0.092 0.074
0 0.675 0.884 0.096 0.072
0 0.7065 0.9455 0.093 0.069
0 0.7415 0.984 0.069 0.028
0 0.9865 0.464 0.025 0.086
1 0.8555 0.1575 0.287 0.309
1 0.8085 0.4765 0.197 0.381
1 0.568 0.7745 0.302 0.257
1 0.4445 0.952 0.169 0.092
1 0.04 0.6715 0.08 0.215
1 0.1245 0.7805 0.121 0.181
4 0.487 0.4005 0.06 0.047
4 0.46 0.4885 0.056 0.063
4 0.5585 0.521 0.063 0.074
4 0.596 0.437 0.054 0.066
4 0.2095 0.61 0.079 0.136
4 0.231 0.7875 0.076 0.093
4 0.876 0.733 0.114 0.074
