0 0.877 0.6685 0.09 0.057
0 0.445 0.774 0.092 0.064
0 0.423 0.91 0.096 0.06
0 0.901 0.779 0.092 0.064
1 0.629 0.67 0.148 0.206
1 0.786 0.61 0.1 0.186
1 0.959 0.834 0.08 0.174
1 0.7965 0.8615 0.149 0.195
1 0.632 0.925 0.132 0.146
1 0.4885 0.934 0.119 0.126
1 0.304 0.9395 0.128 0.115
1 0.124 0.9675 0.098 0.059
1 0.254 0.6095 0.086 0.097
1 0.249 0.7785 0.07 0.095
1 0.1395 0.044 0.139 0.076
4 0.1575 0.61 0.043 0.056
4 0.027 0.659 0.048 0.044
4 0.7245 0.4375 0.037 0.039
4 0.5485 0.4885 0.029 0.055
4 0.656 0.0295 0.112 0.035
4 0.7655 0.1185 0.089 0.095
4 0.8365 0.0645 0.019 0.047
4 0.9165 0.132 0.017 0.044
