0 0.05 0.346 0.078 0.07
0 0.11 0.576 0.084 0.088
0 0.2865 0.6915 0.111 0.071
0 0.5035 0.3345 0.095 0.071
0 0.564 0.3805 0.088 0.069
0 0.602 0.423 0.094 0.07
0 0.715 0.4775 0.08 0.069
0 0.7095 0.372 0.087 0.056
0 0.718 0.307 0.086 0.058
0 0.8335 0.2635 0.103 0.065
0 0.823 0.326 0.096 0.054
0 0.943 0.291 0.09 0.054
0 0.967 0.2275 0.064 0.051
0 0.9655 0.3525 0.067 0.057
1 0.102 0.126 0.204 0.248
1 0.395 0.1005 0.122 0.149
1 0.831 0.529 0.112 0.162
1 0.856 0.684 0.166 0.19
1 0.984 0.7555 0.03 0.201
1 0.949 0.422 0.1 0.178
1 0.793 0.065 0.118 0.13
