0 0.1295 0.691 0.101 0.06
0 0.2285 0.667 0.105 0.06
0 0.4335 0.6315 0.099 0.055
0 0.5285 0.613 0.083 0.052
0 0.633 0.595 0.098 0.06
0 0.7345 0.577 0.081 0.046
0 0.8405 0.555 0.097 0.054
0 0.95 0.55 0.096 0.044
0 0.955 0.705 0.086 0.048
0 0.8545 0.723 0.073 0.052
0 0.7575 0.7425 0.097 0.063
0 0.6535 0.7615 0.091 0.055
0 0.451 0.8 0.096 0.052
0 0.3525 0.8145 0.085 0.053
0 0.2565 0.8275 0.081 0.057
0 0.159 0.8455 0.076 0.055
0 0.056 0.8685 0.094 0.049
0 0.2825 0.5075 0.037 0.081
1 0.7235 0.117 0.287 0.228
1 0.3345 0.225 0.117 0.1
4 0.204 0.303 0.064 0.248
4 0.543 0.284 0.162 0.05
