0 0.0495 0.5475 0.093 0.059
0 0.2375 0.5125 0.105 0.061
0 0.3415 0.4815 0.085 0.057
0 0.441 0.474 0.1 0.052
0 0.552 0.455 0.086 0.054
0 0.658 0.4325 0.1 0.059
0 0.7665 0.42 0.075 0.05
0 0.8535 0.389 0.087 0.052
0 0.9475 0.374 0.079 0.052
0 0.8815 0.481 0.085 0.058
0 0.937 0.544 0.084 0.062
0 0.8225 0.5705 0.095 0.047
0 0.7105 0.5875 0.105 0.055
0 0.4405 0.6345 0.089 0.049
0 0.5365 0.6195 0.121 0.065
0 0.333 0.6545 0.082 0.045
0 0.2255 0.674 0.095 0.06
0 0.0545 0.7115 0.089 0.049
4 0.712 0.074 0.044 0.078
4 0.956 0.0235 0.03 0.025
4 0.959 0.935 0.08 0.124
