0 0.045 0.3745 0.078 0.047
0 0.255 0.3405 0.076 0.049
0 0.347 0.3285 0.1 0.055
0 0.5395 0.2885 0.095 0.059
0 0.5485 0.3805 0.083 0.049
0 0.6475 0.269 0.097 0.06
0 0.826 0.242 0.106 0.062
0 0.9405 0.219 0.091 0.064
0 0.9855 0.3685 0.027 0.059
0 0.911 0.3855 0.08 0.051
0 0.819 0.41 0.076 0.05
0 0.733 0.422 0.086 0.048
0 0.6365 0.4375 0.085 0.055
0 0.497 0.463 0.094 0.054
0 0.396 0.48 0.082 0.056
0 0.2385 0.5135 0.081 0.057
0 0.1425 0.5315 0.087 0.047
0 0.0395 0.5485 0.077 0.053
0 0.0185 0.478 0.035 0.05
1 0.108 0.88 0.142 0.126
1 0.325 0.8505 0.058 0.091
4 0.406 0.843 0.048 0.05
4 0.552 0.8255 0.036 0.059
4 0.1185 0.969 0.171 0.05
4 0.0615 0.025 0.033 0.034
