0 0.0385 0.2185 0.075 0.045
0 0.0255 0.061 0.051 0.048
0 0.1545 0.036 0.089 0.056
0 0.1525 0.195 0.087 0.048
0 0.308 0.167 0.104 0.05
0 0.4505 0.144 0.079 0.044
0 0.597 0.1075 0.098 0.055
0 0.7115 0.0955 0.097 0.057
0 0.8205 0.077 0.089 0.046
0 0.916 0.062 0.068 0.05
0 0.987 0.045 0.022 0.044
0 0.508 0.49 0.072 0.034
0 0.526 0.5325 0.078 0.049
0 0.5415 0.58 0.093 0.06
0 0.532 0.681 0.044 0.102
0 0.4755 0.729 0.039 0.1
1 0.8425 0.5265 0.095 0.105
1 0.231 0.5395 0.058 0.105
4 0.9495 0.392 0.037 0.054
4 0.911 0.388 0.038 0.08
4 0.83 0.42 0.07 0.056
4 0.7735 0.869 0.063 0.038
4 0.728 0.9805 0.082 0.033
4 0.1705 0.5815 0.027 0.089
