0 0.5345 0.528 0.059 0.218
1 0.2955 0.0425 0.063 0.049
1 0.3045 0.117 0.041 0.062
1 0.3395 0.3435 0.045 0.067
1 0.3545 0.466 0.055 0.07
1 0.3545 0.577 0.045 0.056
1 0.3545 0.6505 0.039 0.039
1 0.369 0.865 0.052 0.112
1 0.2135 0.59 0.035 0.064
1 0.2415 0.5645 0.041 0.061
1 0.2335 0.6565 0.041 0.043
1 0.246 0.7215 0.034 0.033
1 0.254 0.769 0.036 0.038
1 0.2515 0.9145 0.047 0.083
1 0.11 0.612 0.072 0.074
1 0.1045 0.382 0.041 0.072
1 0.1585 0.3345 0.047 0.039
1 0.173 0.389 0.028 0.036
1 0.166 0.2425 0.028 0.053
1 0.658 0.2035 0.184 0.289
4 0.9555 0.298 0.049 0.16
