0 0.018 0.261 0.032 0.044
0 0.146 0.2325 0.09 0.061
0 0.271 0.204 0.084 0.064
0 0.3635 0.1765 0.079 0.051
0 0.4615 0.157 0.091 0.064
0 0.554 0.1415 0.094 0.059
0 0.489 0.26 0.146 0.078
0 0.6365 0.23 0.125 0.076
0 0.868 0.059 0.098 0.062
0 0.9865 0.5645 0.025 0.039
0 0.978 0.6255 0.04 0.043
0 0.9735 0.679 0.051 0.046
0 0.964 0.726 0.068 0.054
0 0.9655 0.77 0.065 0.052
0 0.953 0.8235 0.092 0.055
0 0.9415 0.879 0.099 0.048
0 0.9375 0.9275 0.081 0.049
0 0.915 0.978 0.08 0.04
1 0.2935 0.792 0.179 0.198
1 0.2 0.186 0.12 0.2
1 0.354 0.103 0.12 0.19
1 0.525 0.087 0.168 0.158
1 0.7105 0.084 0.145 0.168
1 0.9695 0.343 0.059 0.144
1 0.9175 0.611 0.107 0.284
1 0.87 0.8605 0.076 0.115
4 0.1645 0.7745 0.073 0.097
4 0.0195 0.8275 0.039 0.105
4 0.6765 0.302 0.071 0.062
