0 0.3965 0.1725 0.031 0.077
0 0.4595 0.1815 0.035 0.099
0 0.739 0.0225 0.038 0.045
0 0.7155 0.1465 0.043 0.075
0 0.6925 0.2465 0.049 0.085
0 0.6595 0.383 0.055 0.1
0 0.5515 0.5975 0.051 0.099
0 0.5135 0.7585 0.055 0.109
0 0.5005 0.975 0.095 0.046
0 0.956 0.837 0.086 0.058
0 0.2335 0.016 0.087 0.032
1 0.0625 0.16 0.067 0.136
1 0.885 0.5705 0.162 0.193
1 0.9485 0.317 0.101 0.228
1 0.9265 0.094 0.145 0.182
1 0.959 0.937 0.08 0.114
1 0.2655 0.065 0.123 0.112
4 0.0915 0.7895 0.027 0.027
4 0.1355 0.7735 0.027 0.023
4 0.2775 0.7325 0.035 0.027
4 0.225 0.752 0.034 0.034
4 0.18 0.7605 0.034 0.029
4 0.91 0.127 0.044 0.058
4 0.946 0.065 0.06 0.058
1 0.541 0.238 0.052 0.092
1 0.5785 0.0575 0.071 0.093
