0 0.1705 0.325 0.089 0.062
0 0.1945 0.372 0.093 0.062
0 0.2155 0.424 0.095 0.066
0 0.386 0.271 0.048 0.104
0 0.388 0.162 0.04 0.1
0 0.503 0.108 0.084 0.058
0 0.4695 0.417 0.095 0.052
0 0.56 0.4095 0.086 0.047
0 0.856 0.077 0.076 0.036
0 0.955 0.0735 0.084 0.051
0 0.2445 0.027 0.061 0.054
1 0.544 0.1415 0.206 0.095
1 0.2785 0.8065 0.097 0.197
1 0.133 0.252 0.11 0.134
1 0.032 0.324 0.064 0.124
1 0.82 0.124 0.112 0.146
4 0.5135 0.89 0.053 0.05
4 0.8935 0.3395 0.057 0.065
4 0.9065 0.3955 0.043 0.035
4 0.9275 0.47 0.057 0.086
4 0.8485 0.975 0.055 0.046
