0 0.161 0.2935 0.094 0.069
0 0.3385 0.5595 0.107 0.069
0 0.847 0.546 0.09 0.066
1 0.2665 0.7635 0.151 0.195
1 0.087 0.804 0.138 0.202
1 0.83 0.858 0.31 0.23
1 0.721 0.6005 0.07 0.149
1 0.869 0.578 0.138 0.17
1 0.9695 0.276 0.057 0.14
1 0.973 0.5175 0.052 0.169
1 0.6095 0.3985 0.069 0.111
1 0.7885 0.3685 0.093 0.159
1 0.859 0.118 0.152 0.19
1 0.076 0.55 0.064 0.11
1 0.198 0.541 0.072 0.132
1 0.2375 0.375 0.065 0.094
1 0.0425 0.2935 0.085 0.111
1 0.0695 0.4215 0.065 0.077
4 0.4745 0.118 0.035 0.036
4 0.4675 0.204 0.057 0.136
4 0.536 0.103 0.138 0.082
4 0.72 0.0535 0.14 0.095
4 0.962 0.1265 0.074 0.053
