0 0.1425 0.8805 0.089 0.055
0 0.2705 0.851 0.101 0.054
0 0.6135 0.764 0.073 0.044
0 0.5185 0.7955 0.097 0.055
0 0.5325 0.9005 0.105 0.061
0 0.416 0.936 0.08 0.052
0 0.232 0.9765 0.084 0.043
0 0.745 0.853 0.086 0.06
0 0.842 0.712 0.098 0.06
0 0.958 0.688 0.08 0.062
0 0.9685 0.795 0.057 0.052
0 0.8945 0.1265 0.099 0.069
0 0.3105 0.1655 0.061 0.051
0 0.8555 0.8225 0.095 0.057
1 0.2945 0.112 0.185 0.182
1 0.45 0.2925 0.144 0.165
1 0.31 0.317 0.13 0.21
1 0.168 0.356 0.12 0.204
1 0.02 0.4045 0.04 0.213
1 0.6255 0.267 0.137 0.222
1 0.7745 0.188 0.151 0.218
1 0.9275 0.1725 0.143 0.205
1 0.5605 0.7065 0.119 0.145
1 0.395 0.752 0.124 0.178
1 0.243 0.7865 0.094 0.227
1 0.089 0.798 0.158 0.234
1 0.726 0.6765 0.122 0.227
1 0.894 0.63 0.118 0.246
