0 0.056 0.0735 0.094 0.051
0 0.158 0.062 0.09 0.044
0 0.273 0.0485 0.098 0.051
0 0.452 0.041 0.09 0.038
0 0.5655 0.041 0.083 0.048
0 0.675 0.0275 0.084 0.045
0 0.896 0.02 0.074 0.04
1 0.2525 0.168 0.107 0.19
1 0.255 0.9475 0.08 0.101
1 0.4485 0.9395 0.077 0.103
1 0.6395 0.8505 0.075 0.079
1 0.958 0.172 0.08 0.124
4 0.399 0.3235 0.058 0.179
4 0.009 0.35 0.018 0.05
4 0.0155 0.4015 0.031 0.035
4 0.029 0.4705 0.048 0.091
4 0.152 0.5475 0.06 0.043
4 0.3035 0.503 0.043 0.04
4 0.5015 0.8765 0.065 0.065
4 0.123 0.9775 0.058 0.039
4 0.74 0.1745 0.05 0.101
