0 0.849 0.0565 0.05 0.097
0 0.9085 0.0295 0.043 0.059
0 0.894 0.111 0.056 0.102
0 0.869 0.2125 0.054 0.101
0 0.852 0.3045 0.04 0.083
0 0.8255 0.406 0.049 0.092
0 0.784 0.571 0.048 0.092
0 0.7355 0.7725 0.041 0.073
0 0.723 0.834 0.042 0.082
0 0.8965 0.964 0.097 0.056
0 0.562 0.9115 0.056 0.087
0 0.583 0.811 0.044 0.1
0 0.5675 0.6945 0.089 0.055
0 0.581 0.642 0.104 0.06
0 0.6025 0.572 0.087 0.06
0 0.6205 0.482 0.095 0.06
0 0.639 0.4305 0.09 0.055
0 0.6485 0.378 0.095 0.06
0 0.664 0.327 0.082 0.058
0 0.668 0.2665 0.08 0.049
0 0.6785 0.224 0.087 0.054
0 0.685 0.1775 0.078 0.053
0 0.7065 0.1005 0.087 0.047
0 0.7075 0.0485 0.063 0.037
0 0.7195 0.0175 0.081 0.035
1 0.546 0.5165 0.162 0.219
1 0.594 0.2505 0.182 0.195
1 0.883 0.3635 0.106 0.153
1 0.888 0.1955 0.084 0.097
1 0.8395 0.549 0.051 0.112
1 0.472 0.691 0.184 0.174
4 0.0925 0.248 0.029 0.04
4 0.051 0.5795 0.028 0.061
