0 0.0395 0.029 0.073 0.052
0 0.03 0.092 0.06 0.046
0 0.025 0.1445 0.05 0.049
0 0.018 0.1985 0.036 0.035
0 0.0175 0.2495 0.029 0.037
0 0.2195 0.0405 0.043 0.077
0 0.192 0.124 0.054 0.1
0 0.1985 0.225 0.089 0.056
0 0.1585 0.2935 0.053 0.081
0 0.1155 0.4695 0.053 0.097
0 0.0895 0.601 0.047 0.092
0 0.0675 0.699 0.057 0.1
0 0.02 0.909 0.038 0.102
0 0.141 0.382 0.04 0.076
1 0.735 0.6445 0.108 0.187
1 0.1435 0.431 0.219 0.224
1 0.2325 0.1195 0.167 0.203
1 0.1215 0.695 0.159 0.226
1 0.0445 0.908 0.033 0.048
4 0.646 0.3305 0.022 0.037
4 0.652 0.4235 0.06 0.121
4 0.6905 0.257 0.053 0.094
4 0.765 0.0725 0.034 0.039
4 0.487 0.655 0.028 0.052
4 0.5225 0.6585 0.019 0.041
