0 0.5005 0.588 0.095 0.062
0 0.542 0.7 0.088 0.052
0 0.5515 0.7585 0.083 0.049
0 0.046 0.595 0.058 0.104
0 0.0115 0.457 0.021 0.082
1 0.712 0.453 0.194 0.22
1 0.047 0.6005 0.094 0.193
1 0.6375 0.9145 0.099 0.155
1 0.9665 0.177 0.065 0.118
1 0.9555 0.3925 0.087 0.141
1 0.9295 0.8445 0.139 0.233
4 0.859 0.424 0.08 0.056
4 0.843 0.201 0.04 0.06
4 0.641 0.264 0.022 0.046
4 0.602 0.311 0.042 0.032
4 0.5785 0.2645 0.025 0.039
4 0.6175 0.2655 0.019 0.035
4 0.555 0.2075 0.036 0.067
0 0.1135 0.667 0.077 0.066
0 0.0335 0.7025 0.067 0.065
4 0.4245 0.9115 0.031 0.041
4 0.688 0.686 0.092 0.228
4 0.9635 0.5055 0.071 0.051
4 0.881 0.021 0.02 0.03
