0 0.179 0.439 0.092 0.062
0 0.2485 0.6575 0.057 0.097
0 0.7885 0.396 0.091 0.06
0 0.802 0.273 0.088 0.062
1 0.4115 0.3155 0.163 0.205
1 0.5675 0.516 0.083 0.19
1 0.3815 0.5635 0.109 0.159
1 0.7465 0.503 0.125 0.174
1 0.905 0.4265 0.088 0.175
1 0.9495 0.8605 0.099 0.245
1 0.807 0.868 0.134 0.218
1 0.6545 0.8925 0.109 0.203
1 0.4765 0.9325 0.105 0.117
1 0.1085 0.954 0.119 0.086
1 0.045 0.7105 0.09 0.177
1 0.475 0.1 0.498 0.196
4 0.1705 0.121 0.049 0.06
4 0.2695 0.0785 0.071 0.085
4 0.3605 0.0235 0.121 0.031
