0 0.8945 0.2675 0.081 0.051
0 0.806 0.291 0.068 0.044
0 0.718 0.309 0.08 0.05
0 0.6085 0.337 0.093 0.056
0 0.486 0.3665 0.098 0.067
0 0.529 0.4665 0.094 0.061
0 0.362 0.511 0.1 0.058
0 0.359 0.392 0.08 0.052
0 0.2565 0.4185 0.089 0.055
0 0.172 0.4365 0.056 0.047
0 0.079 0.4595 0.096 0.057
0 0.233 0.54 0.098 0.06
0 0.046 0.591 0.084 0.062
1 0.042 0.382 0.084 0.192
1 0.206 0.364 0.122 0.262
1 0.3425 0.2875 0.091 0.215
1 0.5405 0.2715 0.089 0.207
1 0.6765 0.2655 0.067 0.189
1 0.8415 0.233 0.125 0.152
1 0.807 0.047 0.28 0.082
4 0.528 0.908 0.032 0.036
4 0.6185 0.8655 0.037 0.049
4 0.604 0.982 0.06 0.03
4 0.8795 0.8445 0.031 0.085
4 0.92 0.8285 0.036 0.077
