0 0.3955 0.352 0.093 0.056
0 0.758 0.1375 0.086 0.057
0 0.8505 0.1135 0.087 0.057
0 0.8975 0.2165 0.105 0.069
0 0.62 0.298 0.086 0.06
0 0.8665 0.9565 0.095 0.063
1 0.3865 0.4425 0.123 0.207
1 0.2595 0.4505 0.089 0.197
1 0.1225 0.521 0.145 0.21
1 0.1105 0.288 0.101 0.156
1 0.542 0.4055 0.12 0.251
1 0.7485 0.3785 0.153 0.245
1 0.047 0.863 0.094 0.226
1 0.5555 0.929 0.347 0.13
1 0.8565 0.866 0.159 0.244
1 0.6405 0.1355 0.103 0.149
1 0.454 0.0525 0.096 0.101
1 0.2505 0.084 0.105 0.156
4 0.0965 0.1165 0.115 0.033
4 0.3645 0.05 0.131 0.022
