0 0.251 0.0395 0.056 0.079
0 0.1795 0.134 0.065 0.084
0 0.2915 0.145 0.061 0.092
0 0.2225 0.2325 0.055 0.093
0 0.269 0.356 0.076 0.104
0 0.33 0.5045 0.06 0.085
0 0.426 0.4625 0.062 0.095
0 0.372 0.6065 0.062 0.085
0 0.506 0.662 0.058 0.09
0 0.4515 0.8085 0.063 0.095
0 0.6105 0.9225 0.063 0.099
0 0.5225 0.9755 0.051 0.045
0 0.897 0.449 0.056 0.096
0 0.889 0.5975 0.058 0.095
0 0.944 0.5925 0.056 0.095
1 0.058 0.247 0.116 0.186
1 0.1595 0.328 0.091 0.142
1 0.8545 0.5985 0.275 0.183
1 0.5315 0.0705 0.433 0.137
4 0.476 0.3135 0.034 0.053
4 0.7925 0.53 0.025 0.044
4 0.1835 0.832 0.367 0.182
4 0.2505 0.5165 0.051 0.113
