0 0.3105 0.823 0.083 0.052
0 0.32 0.873 0.074 0.046
0 0.4765 0.8145 0.093 0.053
0 0.661 0.764 0.04 0.072
0 0.7065 0.752 0.037 0.066
0 0.7845 0.89 0.037 0.062
0 0.7365 0.889 0.041 0.062
0 0.1055 0.023 0.089 0.042
0 0.197 0.017 0.07 0.03
0 0.0265 0.042 0.053 0.056
1 0.0555 0.74 0.111 0.188
1 0.148 0.9145 0.296 0.153
1 0.2125 0.462 0.117 0.144
4 0.173 0.4935 0.018 0.027
4 0.2385 0.4955 0.043 0.029
4 0.429 0.3465 0.058 0.103
4 0.779 0.955 0.042 0.024
4 0.727 0.9645 0.04 0.035
4 0.6745 0.978 0.047 0.028
4 0.2495 0.9665 0.029 0.051
4 0.539 0.3245 0.024 0.065
4 0.499 0.3485 0.038 0.053
