0 0.4665 0.015 0.097 0.03
0 0.4585 0.061 0.079 0.068
0 0.453 0.1225 0.078 0.075
0 0.444 0.174 0.082 0.072
0 0.4355 0.2355 0.085 0.071
0 0.428 0.292 0.088 0.078
0 0.4185 0.3565 0.097 0.071
0 0.4095 0.4175 0.075 0.061
0 0.395 0.4675 0.076 0.069
0 0.2485 0.1285 0.091 0.057
0 0.2445 0.1875 0.095 0.069
0 0.2305 0.2555 0.087 0.069
0 0.24 0.3025 0.088 0.057
0 0.227 0.3575 0.09 0.065
0 0.232 0.514 0.044 0.088
0 0.028 0.693 0.056 0.06
0 0.038 0.843 0.058 0.062
0 0.17 0.9595 0.048 0.077
0 0.3155 0.7455 0.087 0.059
0 0.3395 0.8365 0.089 0.073
0 0.3395 0.8865 0.091 0.055
0 0.3295 0.934 0.081 0.05
0 0.323 0.974 0.072 0.042
0 0.902 0.69 0.088 0.058
0 0.795 0.7125 0.09 0.049
0 0.702 0.7275 0.08 0.057
0 0.6155 0.7445 0.087 0.049
0 0.528 0.761 0.088 0.058
0 0.6635 0.5755 0.081 0.053
0 0.573 0.5945 0.078 0.063
0 0.8635 0.54 0.073 0.052
0 0.957 0.5205 0.084 0.045
1 0.1355 0.615 0.115 0.208
1 0.167 0.322 0.108 0.176
1 0.467 0.5195 0.086 0.141
1 0.0845 0.935 0.169 0.124
4 0.2085 0.422 0.021 0.028
4 0.1895 0.519 0.019 0.052
4 0.201 0.459 0.022 0.022
