0 0.393 0.0445 0.094 0.059
0 0.602 0.0425 0.066 0.069
0 0.597 0.0955 0.068 0.067
0 0.5785 0.156 0.091 0.088
0 0.5705 0.2225 0.089 0.067
0 0.561 0.2755 0.08 0.043
0 0.556 0.3195 0.072 0.045
0 0.5385 0.4395 0.097 0.077
0 0.5215 0.494 0.095 0.078
0 0.469 0.196 0.054 0.098
0 0.378 0.1405 0.098 0.055
0 0.3655 0.1905 0.057 0.037
0 0.355 0.3005 0.074 0.041
0 0.3505 0.361 0.089 0.068
0 0.339 0.4175 0.096 0.069
0 0.334 0.472 0.094 0.07
0 0.328 0.532 0.094 0.074
0 0.317 0.592 0.084 0.05
0 0.3075 0.6435 0.093 0.071
0 0.2925 0.701 0.095 0.074
0 0.5135 0.552 0.089 0.07
0 0.518 0.6185 0.1 0.059
0 0.507 0.6705 0.088 0.053
0 0.4945 0.7355 0.081 0.039
0 0.4925 0.7855 0.089 0.047
0 0.487 0.8625 0.08 0.045
0 0.4635 0.9015 0.099 0.057
0 0.457 0.9635 0.088 0.069
1 0.243 0.7815 0.124 0.255
1 0.2995 0.4305 0.175 0.201
1 0.5995 0.332 0.169 0.192
1 0.56 0.669 0.112 0.13
1 0.633 0.06 0.176 0.104
4 0.954 0.9755 0.036 0.045
4 0.9165 0.911 0.033 0.166
4 0.873 0.916 0.032 0.152
