0 0.038 0.785 0.074 0.054
0 0.1325 0.758 0.081 0.054
0 0.226 0.7455 0.084 0.047
0 0.3175 0.727 0.085 0.05
0 0.419 0.711 0.092 0.048
0 0.5295 0.693 0.081 0.046
0 0.6285 0.6715 0.093 0.057
0 0.7255 0.657 0.077 0.044
0 0.8185 0.6385 0.075 0.039
0 0.9115 0.6225 0.085 0.047
0 0.924 0.7825 0.076 0.047
0 0.8015 0.803 0.077 0.05
0 0.706 0.8215 0.082 0.039
0 0.5965 0.8365 0.097 0.061
0 0.491 0.854 0.084 0.05
0 0.3875 0.8715 0.089 0.061
0 0.2895 0.9 0.079 0.052
0 0.1955 0.905 0.065 0.05
0 0.1055 0.926 0.093 0.058
0 0.0605 0.851 0.099 0.066
0 0.0255 0.9365 0.051 0.049
4 0.436 0.2405 0.054 0.103
4 0.6625 0.2385 0.041 0.035
4 0.814 0.22 0.036 0.086
