0 0.1895 0.342 0.061 0.092
0 0.2445 0.3405 0.075 0.095
0 0.207 0.461 0.092 0.052
0 0.202 0.516 0.1 0.052
0 0.216 0.6115 0.078 0.055
0 0.3975 0.5805 0.101 0.067
1 0.754 0.3805 0.166 0.313
1 0.198 0.2565 0.11 0.117
1 0.23 0.9075 0.112 0.175
1 0.897 0.8445 0.152 0.233
1 0.453 0.4485 0.112 0.107
4 0.4245 0.3525 0.295 0.067
4 0.613 0.3205 0.056 0.045
4 0.6405 0.232 0.049 0.068
4 0.782 0.213 0.062 0.094
4 0.437 0.233 0.076 0.1
4 0.3615 0.2085 0.063 0.091
4 0.3155 0.0675 0.077 0.111
4 0.124 0.099 0.044 0.05
4 0.064 0.128 0.062 0.198
4 0.8615 0.509 0.037 0.156
4 0.9465 0.6515 0.105 0.041
