0 0.062 0.512 0.1 0.05
0 0.1675 0.5025 0.075 0.051
0 0.2625 0.484 0.091 0.066
0 0.3555 0.4635 0.077 0.065
0 0.4975 0.442 0.097 0.07
0 0.5965 0.4295 0.089 0.055
0 0.7775 0.397 0.055 0.05
0 0.6895 0.4115 0.079 0.063
0 0.954 0.3675 0.084 0.049
0 0.888 0.5325 0.074 0.051
0 0.7415 0.477 0.095 0.056
0 0.6855 0.5515 0.091 0.059
0 0.782 0.547 0.092 0.05
0 0.5845 0.585 0.079 0.05
0 0.4965 0.602 0.081 0.054
0 0.408 0.579 0.096 0.056
0 0.301 0.545 0.102 0.068
0 0.335 0.631 0.054 0.042
0 0.2475 0.6415 0.077 0.051
0 0.161 0.659 0.074 0.056
0 0.022 0.6855 0.044 0.043
0 0.9665 0.5145 0.065 0.043
4 0.057 0.062 0.064 0.082
