0 0.6705 0.025 0.039 0.05
0 0.818 0.0775 0.05 0.079
0 0.832 0.1645 0.05 0.099
0 0.85 0.265 0.05 0.092
0 0.6825 0.097 0.047 0.076
0 0.6995 0.1995 0.045 0.085
0 0.7165 0.3145 0.045 0.091
0 0.7345 0.402 0.037 0.078
0 0.758 0.5195 0.046 0.089
0 0.7825 0.6515 0.051 0.099
0 0.896 0.523 0.044 0.092
0 0.9145 0.6275 0.049 0.087
0 0.9295 0.7375 0.049 0.111
1 0.0435 0.69 0.087 0.278
1 0.4045 0.815 0.079 0.174
1 0.31 0.275 0.082 0.13
1 0.1505 0.3815 0.113 0.233
4 0.1455 0.4935 0.069 0.039
4 0.3805 0.289 0.027 0.048
4 0.3585 0.3875 0.031 0.033
