0 0.5345 0.028 0.071 0.052
0 0.5225 0.0885 0.085 0.063
0 0.522 0.1415 0.092 0.069
0 0.513 0.201 0.084 0.06
0 0.5035 0.256 0.087 0.06
0 0.495 0.3195 0.104 0.043
0 0.49 0.3735 0.09 0.045
0 0.471 0.4215 0.076 0.061
0 0.4585 0.4755 0.085 0.055
0 0.4585 0.528 0.091 0.062
0 0.457 0.585 0.096 0.05
0 0.453 0.6485 0.092 0.067
0 0.437 0.7215 0.092 0.069
0 0.428 0.7875 0.098 0.063
0 0.4105 0.846 0.065 0.04
0 0.408 0.8965 0.088 0.043
0 0.394 0.9425 0.094 0.055
0 0.607 0.7935 0.092 0.069
0 0.5995 0.8605 0.085 0.069
0 0.605 0.9345 0.072 0.067
0 0.5915 0.979 0.069 0.038
0 0.6195 0.72 0.073 0.066
0 0.6335 0.6665 0.075 0.059
0 0.636 0.6045 0.074 0.069
0 0.647 0.5495 0.092 0.085
0 0.695 0.27 0.09 0.086
0 0.7065 0.22 0.067 0.066
0 0.7095 0.1585 0.087 0.057
0 0.711 0.107 0.088 0.084
0 0.717 0.0375 0.092 0.075
1 0.4545 0.2535 0.109 0.143
1 0.6985 0.552 0.167 0.236
1 0.639 0.8995 0.172 0.183
1 0.3615 0.9235 0.157 0.143
1 0.4135 0.64 0.131 0.208
4 0.0625 0.138 0.053 0.068
4 0.035 0.504 0.038 0.064
