0 0.0765 0.351 0.089 0.052
0 0.192 0.323 0.086 0.052
0 0.4155 0.305 0.047 0.108
0 0.4105 0.164 0.099 0.062
0 0.542 0.1105 0.086 0.049
0 0.624 0.0955 0.082 0.049
0 0.86 0.0495 0.086 0.047
0 0.9675 0.034 0.063 0.046
0 0.894 0.1 0.084 0.042
0 0.9175 0.1995 0.113 0.061
0 0.782 0.226 0.08 0.044
0 0.693 0.242 0.078 0.048
0 0.602 0.2575 0.082 0.053
0 0.514 0.271 0.086 0.054
0 0.324 0.4805 0.048 0.099
0 0.3425 0.5915 0.035 0.081
0 0.3605 0.7005 0.041 0.085
0 0.376 0.7905 0.05 0.093
0 0.4375 0.87 0.037 0.1
0 0.524 0.875 0.042 0.08
0 0.543 0.962 0.048 0.07
0 0.25 0.044 0.05 0.084
