0 0.927 0.2105 0.144 0.079
0 0.6875 0.248 0.103 0.054
0 0.5815 0.2615 0.097 0.055
0 0.478 0.28 0.084 0.054
0 0.398 0.3005 0.07 0.041
0 0.2665 0.323 0.073 0.052
0 0.1635 0.3495 0.101 0.061
0 0.056 0.359 0.088 0.062
0 0.0755 0.5145 0.089 0.061
0 0.184 0.49 0.092 0.064
0 0.288 0.468 0.088 0.05
0 0.394 0.4555 0.092 0.055
0 0.4975 0.444 0.095 0.066
0 0.6015 0.413 0.085 0.048
0 0.689 0.3985 0.078 0.047
0 0.774 0.3895 0.08 0.053
0 0.862 0.3705 0.088 0.055
0 0.9655 0.3555 0.067 0.045
4 0.755 0.601 0.022 0.05
4 0.8655 0.7285 0.029 0.053
1 0.87 0.826 0.102 0.108
4 0.5995 0.8005 0.049 0.097
4 0.4475 0.027 0.035 0.054
