0 0.229 0.149 0.052 0.102
0 0.184 0.227 0.046 0.1
0 0.249 0.248 0.042 0.088
0 0.2715 0.363 0.039 0.082
0 0.147 0.309 0.04 0.08
0 0.132 0.2085 0.044 0.103
0 0.1635 0.403 0.047 0.108
0 0.179 0.503 0.042 0.09
0 0.202 0.6045 0.042 0.095
0 0.294 0.509 0.044 0.092
0 0.3135 0.6045 0.043 0.099
0 0.3305 0.699 0.047 0.094
0 0.347 0.792 0.046 0.114
0 0.3685 0.909 0.041 0.1
0 0.264 0.959 0.046 0.078
0 0.241 0.84 0.042 0.094
0 0.225 0.727 0.042 0.102
1 0.258 0.1145 0.108 0.129
1 0.332 0.2975 0.148 0.135
1 0.3205 0.518 0.117 0.18
1 0.366 0.733 0.122 0.138
1 0.4 0.938 0.116 0.102
1 0.2075 0.77 0.123 0.158
1 0.233 0.957 0.106 0.074
1 0.07 0.119 0.128 0.12
1 0.7755 0.773 0.123 0.136
1 0.9575 0.137 0.065 0.102
4 0.7265 0.6095 0.041 0.085
4 0.957 0.4195 0.026 0.047
