0 0.341 0.048 0.042 0.086
0 0.3585 0.142 0.045 0.1
0 0.3805 0.242 0.047 0.084
0 0.3995 0.3445 0.039 0.077
0 0.419 0.444 0.048 0.104
0 0.512 0.096 0.044 0.092
0 0.523 0.196 0.042 0.086
0 0.5435 0.3085 0.055 0.097
0 0.5645 0.419 0.055 0.096
0 0.043 0.6735 0.086 0.067
0 0.153 0.649 0.096 0.066
0 0.329 0.621 0.098 0.056
0 0.3 0.7435 0.108 0.059
0 0.1785 0.7695 0.093 0.065
0 0.063 0.7935 0.086 0.053
0 0.589 0.5035 0.042 0.079
0 0.487 0.8545 0.04 0.079
0 0.504 0.941 0.044 0.082
0 0.612 0.882 0.102 0.232
0 0.925 0.2955 0.048 0.095
0 0.974 0.2945 0.05 0.095
1 0.6205 0.2925 0.073 0.101
1 0.648 0.4675 0.066 0.133
1 0.601 0.131 0.104 0.144
1 0.753 0.0885 0.09 0.099
1 0.7945 0.27 0.069 0.134
1 0.9055 0.9185 0.187 0.157
1 0.7425 0.938 0.095 0.1
1 0.9375 0.1575 0.123 0.163
4 0.8555 0.085 0.029 0.062
4 0.8895 0.0635 0.027 0.055
4 0.92 0.0545 0.026 0.061
4 0.847 0.121 0.03 0.042
4 0.8505 0.1655 0.031 0.029
4 0.863 0.2005 0.034 0.047
4 0.8715 0.239 0.035 0.042
4 0.878 0.28 0.044 0.04
4 0.883 0.321 0.034 0.024
4 0.8975 0.3665 0.033 0.053
4 0.9685 0.782 0.029 0.03
4 0.976 0.816 0.034 0.05
4 0.985 0.8625 0.028 0.043
