0 0.0725 0.133 0.099 0.066
0 0.0715 0.254 0.095 0.064
0 0.18 0.2355 0.094 0.053
0 0.277 0.2205 0.072 0.047
0 0.228 0.1135 0.088 0.055
0 0.343 0.0955 0.076 0.051
0 0.5325 0.053 0.099 0.07
0 0.491 0.1875 0.094 0.049
0 0.596 0.165 0.094 0.048
0 0.704 0.1495 0.098 0.051
0 0.8 0.13 0.084 0.042
0 0.9145 0.108 0.095 0.044
0 0.728 0.022 0.066 0.044
0 0.815 0.0135 0.076 0.021
0 0.985 0.0965 0.028 0.047
0 0.624 0.0365 0.088 0.049
1 0.758 0.7525 0.202 0.307
1 0.615 0.7565 0.078 0.193
1 0.5955 0.593 0.069 0.096
1 0.936 0.902 0.126 0.168
1 0.2365 0.9235 0.125 0.131
4 0.4725 0.693 0.075 0.046
4 0.803 0.6775 0.026 0.045
