0 0.028 0.8805 0.054 0.049
0 0.2115 0.8505 0.097 0.059
0 0.3055 0.8285 0.069 0.047
0 0.4015 0.817 0.079 0.046
0 0.121 0.9795 0.094 0.037
0 0.2165 0.972 0.091 0.046
0 0.321 0.9525 0.096 0.059
0 0.505 0.92 0.094 0.052
0 0.5995 0.91 0.083 0.056
0 0.616 0.7835 0.076 0.049
0 0.4995 0.8025 0.087 0.053
0 0.719 0.752 0.078 0.058
0 0.8095 0.7395 0.087 0.053
0 0.9225 0.7185 0.087 0.049
0 0.985 0.7085 0.028 0.053
0 0.9755 0.828 0.047 0.05
0 0.9035 0.8465 0.089 0.047
0 0.799 0.8665 0.092 0.047
0 0.6875 0.891 0.087 0.058
1 0.688 0.1135 0.474 0.221
1 0.957 0.081 0.046 0.09
1 0.656 0.4345 0.086 0.079
1 0.4635 0.399 0.105 0.13
1 0.1325 0.4605 0.083 0.141
4 0.348 0.4355 0.042 0.069
4 0.305 0.1675 0.05 0.103
4 0.76 0.345 0.032 0.036
4 0.7805 0.4015 0.053 0.035
4 0.858 0.395 0.03 0.066
4 0.959 0.337 0.036 0.062
4 0.9795 0.2135 0.039 0.049
4 0.6355 0.2335 0.037 0.053
