1 0.0505 0.2545 0.101 0.145
1 0.0615 0.078 0.123 0.138
1 0.0815 0.4395 0.093 0.143
1 0.2875 0.431 0.129 0.148
1 0.207 0.227 0.108 0.182
1 0.387 0.3055 0.182 0.167
1 0.3385 0.1195 0.145 0.143
1 0.1925 0.0495 0.099 0.095
1 0.55 0.1295 0.19 0.213
1 0.5815 0.3665 0.117 0.233
1 0.7635 0.1225 0.207 0.223
1 0.7955 0.3955 0.143 0.229
1 0.9485 0.2175 0.101 0.401
1 0.955 0.5105 0.088 0.147
1 0.124 0.6205 0.18 0.127
1 0.3705 0.589 0.299 0.162
1 0.63 0.5685 0.136 0.165
1 0.22 0.8795 0.252 0.237
4 0.5015 0.8995 0.089 0.195
