0 0.3165 0.264 0.073 0.052
0 0.1 0.702 0.034 0.076
0 0.0855 0.846 0.037 0.1
0 0.078 0.9735 0.036 0.047
0 0.3845 0.3705 0.091 0.055
0 0.4055 0.2495 0.081 0.045
0 0.5385 0.23 0.095 0.052
0 0.6 0.3265 0.104 0.051
0 0.6415 0.1995 0.091 0.055
0 0.7465 0.173 0.089 0.05
0 0.863 0.163 0.094 0.056
0 0.962 0.1375 0.074 0.061
0 0.9605 0.255 0.077 0.05
0 0.8715 0.279 0.085 0.056
0 0.783 0.298 0.086 0.052
0 0.6955 0.3105 0.057 0.041
0 0.5465 0.7185 0.069 0.079
0 0.538 0.771 0.068 0.074
0 0.718 0.9535 0.054 0.083
0 0.678 0.956 0.028 0.078
0 0.774 0.9485 0.052 0.087
0 0.824 0.9335 0.07 0.091
0 0.8715 0.907 0.073 0.108
1 0.275 0.2645 0.086 0.133
1 0.277 0.3925 0.12 0.111
1 0.698 0.7525 0.066 0.113
4 0.764 0.6605 0.042 0.071
4 0.7735 0.7405 0.041 0.071
4 0.909 0.6545 0.06 0.065
4 0.974 0.718 0.022 0.038
