0 0.038 0.34 0.076 0.094
0 0.039 0.4375 0.078 0.085
0 0.119 0.58 0.054 0.104
0 0.4065 0.2345 0.083 0.049
0 0.4095 0.302 0.093 0.062
0 0.605 0.192 0.092 0.06
0 0.6585 0.439 0.069 0.048
0 0.693 0.736 0.094 0.056
0 0.7035 0.7855 0.093 0.053
1 0.609 0.3315 0.09 0.109
1 0.6365 0.507 0.115 0.136
1 0.801 0.311 0.118 0.146
1 0.747 0.12 0.12 0.15
1 0.8085 0.467 0.107 0.162
1 0.963 0.447 0.072 0.11
1 0.948 0.267 0.096 0.132
1 0.9225 0.0975 0.125 0.159
1 0.57 0.0365 0.126 0.067
4 0.497 0.835 0.044 0.048
4 0.492 0.7895 0.036 0.045
4 0.488 0.7595 0.038 0.033
4 0.479 0.7175 0.044 0.053
4 0.437 0.719 0.032 0.068
4 0.395 0.727 0.038 0.062
4 0.361 0.732 0.04 0.054
