0 0.264 0.065 0.046 0.088
0 0.368 0.0285 0.04 0.057
0 0.388 0.1125 0.046 0.107
0 0.2825 0.1765 0.043 0.095
0 0.2975 0.264 0.041 0.098
0 0.406 0.233 0.044 0.096
0 0.4225 0.3215 0.037 0.081
0 0.4345 0.4055 0.055 0.097
0 0.337 0.484 0.044 0.088
0 0.3615 0.5815 0.049 0.101
0 0.4645 0.559 0.049 0.092
0 0.0845 0.7795 0.099 0.059
0 0.198 0.7565 0.098 0.051
0 0.42 0.795 0.19 0.074
0 0.4945 0.84 0.077 0.05
0 0.4 0.858 0.096 0.066
0 0.658 0.736 0.106 0.056
0 0.673 0.6795 0.092 0.051
0 0.767 0.659 0.096 0.056
0 0.6715 0.811 0.073 0.052
0 0.7625 0.7865 0.097 0.055
0 0.916 0.6785 0.082 0.049
0 0.908 0.7635 0.086 0.047
0 0.9765 0.6215 0.045 0.059
1 0.235 0.3385 0.15 0.165
1 0.244 0.1 0.126 0.16
1 0.4055 0.0935 0.087 0.163
1 0.4485 0.2975 0.115 0.159
1 0.497 0.4985 0.096 0.131
1 0.3035 0.523 0.117 0.112
1 0.5695 0.8625 0.179 0.181
1 0.219 0.928 0.134 0.14
1 0.049 0.953 0.098 0.09
1 0.9115 0.872 0.173 0.252
1 0.7625 0.969 0.111 0.056
1 0.879 0.208 0.126 0.164
4 0.8085 0.363 0.025 0.078
4 0.7955 0.2655 0.019 0.063
