0 0.5395 0.5095 0.093 0.059
0 0.789 0.283 0.078 0.046
0 0.7895 0.346 0.095 0.056
0 0.8705 0.717 0.093 0.052
1 0.3165 0.815 0.297 0.334
1 0.8855 0.817 0.093 0.102
1 0.898 0.926 0.056 0.066
1 0.8355 0.608 0.089 0.082
1 0.943 0.211 0.112 0.25
1 0.765 0.1875 0.202 0.257
4 0.634 0.673 0.036 0.06
4 0.6475 0.7295 0.039 0.045
4 0.6505 0.7675 0.035 0.041
4 0.6585 0.8185 0.045 0.061
4 0.619 0.821 0.036 0.074
4 0.5765 0.8185 0.035 0.055
4 0.5405 0.829 0.035 0.066
4 0.6165 0.5205 0.043 0.199
4 0.486 0.845 0.032 0.04
