1 0.2015 0.075 0.107 0.128
1 0.046 0.09 0.092 0.14
1 0.4015 0.301 0.151 0.136
1 0.2315 0.234 0.091 0.11
1 0.0505 0.2835 0.101 0.159
1 0.0955 0.446 0.085 0.124
1 0.2435 0.4085 0.081 0.091
1 0.426 0.4375 0.216 0.177
1 0.469 0.5855 0.128 0.111
1 0.294 0.597 0.09 0.08
1 0.1065 0.6045 0.113 0.119
1 0.145 0.7805 0.108 0.115
1 0.321 0.7465 0.098 0.077
1 0.4885 0.7265 0.139 0.183
1 0.7035 0.525 0.123 0.164
1 0.717 0.6775 0.184 0.133
1 0.7445 0.8435 0.181 0.155
1 0.7725 0.9445 0.121 0.083
1 0.514 0.8555 0.138 0.089
1 0.179 0.946 0.094 0.086
1 0.3415 0.9535 0.073 0.083
1 0.7995 0.274 0.175 0.194
1 0.7725 0.0925 0.161 0.151
1 0.9375 0.092 0.123 0.18
1 0.836 0.5125 0.112 0.133
1 0.926 0.679 0.146 0.23
1 0.9395 0.9085 0.119 0.165
1 0.5965 0.0315 0.243 0.059
