0 0.032 0.7225 0.064 0.065
0 0.117 0.7065 0.094 0.061
0 0.2185 0.683 0.085 0.056
0 0.3705 0.6515 0.083 0.065
0 0.459 0.643 0.09 0.058
0 0.6185 0.608 0.089 0.052
0 0.7175 0.59 0.077 0.058
0 0.809 0.577 0.088 0.05
0 0.8165 0.708 0.101 0.052
0 0.651 0.7355 0.088 0.045
0 0.503 0.759 0.074 0.05
0 0.424 0.768 0.072 0.044
0 0.318 0.7935 0.098 0.059
0 0.197 0.817 0.086 0.052
0 0.094 0.829 0.086 0.058
0 0.0235 0.845 0.047 0.05
0 0.858 0.127 0.046 0.09
0 0.8805 0.252 0.049 0.108
0 0.901 0.3575 0.048 0.095
0 0.9155 0.449 0.051 0.094
0 0.955 0.056 0.046 0.094
0 0.9725 0.155 0.043 0.08
0 0.981 0.249 0.036 0.102
0 0.9915 0.3515 0.015 0.101
1 0.3955 0.1415 0.093 0.153
1 0.0575 0.08 0.079 0.112
1 0.9415 0.8255 0.091 0.107
1 0.96 0.965 0.078 0.064
1 0.237 0.106 0.078 0.118
1 0.787 0.0465 0.118 0.089
1 0.9805 0.1395 0.037 0.133
1 0.829 0.19 0.092 0.132
1 0.077 0.2155 0.064 0.083
1 0.839 0.388 0.074 0.132
4 0.0645 0.321 0.027 0.042
4 0.07 0.374 0.06 0.024
4 0.2675 0.316 0.033 0.048
