0 0.1575 0.361 0.075 0.08
0 0.638 0.2625 0.094 0.075
0 0.749 0.248 0.078 0.06
0 0.6775 0.0295 0.079 0.059
1 0.051 0.345 0.102 0.248
1 0.2835 0.305 0.239 0.228
1 0.5 0.305 0.12 0.216
1 0.5105 0.069 0.163 0.128
1 0.7985 0.0345 0.111 0.065
1 0.78 0.196 0.156 0.146
1 0.944 0.29 0.11 0.368
1 0.538 0.891 0.182 0.208
1 0.3235 0.7805 0.079 0.081
1 0.458 0.756 0.094 0.086
4 0.2255 0.1085 0.081 0.077
4 0.257 0.776 0.036 0.036
4 0.5255 0.7345 0.055 0.081
4 0.88 0.2265 0.032 0.071
4 0.963 0.7715 0.044 0.069
