0 0.1975 0.33 0.087 0.064
0 0.314 0.313 0.096 0.048
0 0.266 0.4325 0.082 0.061
0 0.3895 0.4025 0.055 0.045
0 0.5515 0.386 0.095 0.054
0 0.606 0.2955 0.084 0.065
0 0.37 0.031 0.044 0.062
0 0.8375 0.0365 0.045 0.069
0 0.861 0.164 0.056 0.098
0 0.8145 0.336 0.097 0.058
0 0.951 0.2255 0.09 0.069
1 0.0605 0.5125 0.121 0.189
1 0.0375 0.7275 0.075 0.139
1 0.24 0.703 0.096 0.126
1 0.443 0.6495 0.096 0.159
1 0.788 0.8865 0.186 0.163
1 0.4395 0.935 0.149 0.124
1 0.4305 0.1455 0.093 0.215
1 0.521 0.1305 0.072 0.233
1 0.621 0.0945 0.096 0.177
