0 0.7275 0.4425 0.041 0.101
0 0.777 0.407 0.044 0.078
0 0.8735 0.3985 0.043 0.113
0 0.923 0.3935 0.04 0.091
0 0.978 0.3675 0.042 0.081
0 0.6675 0.064 0.069 0.044
0 0.715 0.973 0.084 0.048
0 0.824 0.96 0.082 0.056
0 0.9205 0.94 0.079 0.056
1 0.0505 0.5015 0.081 0.125
1 0.0365 0.2715 0.073 0.129
1 0.13 0.124 0.06 0.066
1 0.1045 0.796 0.113 0.16
1 0.3605 0.9605 0.101 0.075
1 0.5875 0.939 0.133 0.118
1 0.795 0.9135 0.084 0.151
1 0.977 0.887 0.044 0.186
1 0.8505 0.1295 0.297 0.241
4 0.1705 0.6515 0.027 0.077
4 0.205 0.8235 0.04 0.135
