0 0.041 0.201 0.08 0.048
0 0.0375 0.281 0.075 0.062
0 0.1085 0.316 0.095 0.052
0 0.189 0.249 0.1 0.062
0 0.2015 0.3025 0.085 0.049
0 0.2915 0.233 0.089 0.054
0 0.341 0.274 0.074 0.048
0 0.417 0.212 0.094 0.036
0 0.4645 0.2565 0.091 0.037
0 0.5535 0.237 0.083 0.056
0 0.5265 0.179 0.097 0.068
0 0.642 0.1575 0.094 0.069
0 0.793 0.117 0.104 0.08
0 0.9205 0.0725 0.083 0.063
1 0.394 0.532 0.342 0.28
1 0.654 0.5055 0.18 0.333
1 0.8315 0.3885 0.165 0.245
1 0.966 0.2065 0.066 0.113
1 0.9205 0.5945 0.101 0.163
1 0.716 0.907 0.074 0.122
1 0.0715 0.6 0.143 0.416
1 0.1805 0.0975 0.167 0.141
1 0.385 0.094 0.118 0.182
1 0.6 0.0515 0.068 0.093
4 0.9595 0.8365 0.079 0.305
