0 0.93 0.534 0.076 0.106
0 0.8595 0.6425 0.065 0.095
0 0.747 0.7965 0.066 0.099
0 0.7595 0.893 0.069 0.092
0 0.82 0.9115 0.068 0.093
0 0.6955 0.9705 0.053 0.055
0 0.8865 0.8115 0.071 0.095
0 0.833 0.775 0.054 0.086
0 0.981 0.6645 0.036 0.077
0 0.9775 0.559 0.043 0.096
0 0.983 0.4325 0.032 0.075
1 0.3255 0.3035 0.445 0.473
1 0.9135 0.236 0.171 0.366
1 0.4435 0.7885 0.245 0.269
1 0.3005 0.8845 0.095 0.101
4 0.812 0.3415 0.058 0.065
4 0.7335 0.413 0.055 0.064
4 0.624 0.1185 0.048 0.071
1 0.043 0.567 0.086 0.236
4 0.8065 0.08 0.037 0.058
