0 0.218 0.194 0.09 0.112
0 0.0425 0.187 0.067 0.086
0 0.857 0.4835 0.084 0.083
0 0.7385 0.68 0.055 0.084
0 0.696 0.7065 0.066 0.093
0 0.7465 0.913 0.075 0.084
0 0.5365 0.9535 0.077 0.089
0 0.414 0.9795 0.05 0.037
0 0.313 0.9485 0.07 0.097
0 0.2365 0.89 0.065 0.086
0 0.1525 0.8465 0.069 0.095
0 0.0385 0.756 0.063 0.092
1 0.4055 0.274 0.175 0.166
1 0.5405 0.402 0.101 0.106
1 0.622 0.4425 0.096 0.123
1 0.6375 0.7485 0.091 0.127
1 0.7995 0.726 0.097 0.188
1 0.749 0.956 0.088 0.082
0 0.604 0.015 0.052 0.03
4 0.4455 0.3945 0.031 0.041
4 0.385 0.404 0.052 0.066
1 0.3275 0.4365 0.091 0.137
4 0.221 0.7875 0.042 0.071
4 0.36 0.8085 0.054 0.071
4 0.4205 0.226 0.023 0.05
1 0.261 0.22 0.09 0.102
