0 0.166 0.579 0.094 0.062
0 0.0225 0.509 0.045 0.078
0 0.505 0.7295 0.1 0.059
0 0.8755 0.7325 0.083 0.067
0 0.8565 0.815 0.095 0.068
0 0.85 0.894 0.102 0.072
0 0.846 0.952 0.098 0.068
0 0.962 0.939 0.074 0.086
0 0.9815 0.796 0.035 0.06
0 0.5695 0.2905 0.073 0.099
0 0.6375 0.3025 0.069 0.097
0 0.6995 0.208 0.063 0.096
0 0.635 0.187 0.06 0.08
0 0.6935 0.0935 0.061 0.085
0 0.758 0.1115 0.07 0.095
0 0.8155 0.029 0.055 0.054
0 0.748 0.0195 0.052 0.039
1 0.18 0.3345 0.138 0.173
1 0.375 0.3375 0.096 0.175
1 0.957 0.341 0.084 0.132
1 0.9685 0.087 0.061 0.164
1 0.8595 0.5015 0.085 0.199
4 0.0595 0.365 0.119 0.092
4 0.221 0.046 0.034 0.056
