0 0.0555 0.332 0.075 0.09
0 0.0475 0.512 0.061 0.074
0 0.022 0.586 0.044 0.098
0 0.111 0.756 0.078 0.106
0 0.1665 0.702 0.069 0.078
0 0.239 0.869 0.062 0.092
0 0.252 0.9805 0.056 0.033
0 0.3555 0.953 0.067 0.09
0 0.487 0.7665 0.056 0.071
0 0.523 0.741 0.086 0.088
0 0.5635 0.7115 0.057 0.059
0 0.609 0.6785 0.058 0.069
0 0.6475 0.647 0.079 0.11
0 0.698 0.577 0.068 0.08
0 0.7425 0.5495 0.059 0.079
0 0.781 0.5145 0.076 0.075
0 0.586 0.495 0.082 0.088
0 0.3195 0.0325 0.067 0.065
0 0.371 0.023 0.054 0.042
1 0.7855 0.634 0.333 0.3
1 0.261 0.6635 0.176 0.223
1 0.372 0.8625 0.112 0.115
1 0.569 0.8805 0.226 0.203
1 0.1155 0.5255 0.085 0.147
1 0.0895 0.0955 0.179 0.187
1 0.2165 0.143 0.083 0.09
4 0.858 0.36 0.078 0.078
4 0.649 0.339 0.066 0.078
4 0.1945 0.448 0.073 0.066
4 0.171 0.1255 0.032 0.075
