0 0.1215 0.4145 0.071 0.091
0 0.1895 0.3235 0.061 0.085
0 0.242 0.2475 0.066 0.099
0 0.2925 0.303 0.075 0.098
0 0.314 0.3775 0.068 0.089
0 0.2615 0.4555 0.059 0.085
0 0.355 0.059 0.068 0.082
0 0.2645 0.1105 0.079 0.097
0 0.41 0.2395 0.082 0.083
0 0.5175 0.236 0.071 0.082
0 0.525 0.3565 0.08 0.077
0 0.6495 0.34 0.099 0.094
0 0.69 0.477 0.084 0.08
0 0.746 0.43 0.08 0.062
0 0.9005 0.511 0.095 0.074
0 0.587 0.6885 0.088 0.061
0 0.698 0.72 0.094 0.052
0 0.4845 0.757 0.091 0.062
0 0.2785 0.7525 0.079 0.053
0 0.123 0.663 0.1 0.05
0 0.681 0.9235 0.1 0.101
0 0.837 0.9635 0.082 0.067
1 0.6575 0.1995 0.131 0.187
1 0.8295 0.325 0.131 0.236
4 0.969 0.2735 0.032 0.033
4 0.956 0.376 0.086 0.038
