0 0.033 0.205 0.066 0.056
0 0.042 0.259 0.084 0.068
0 0.1085 0.5865 0.049 0.089
0 0.0625 0.596 0.047 0.094
0 0.019 0.609 0.038 0.08
0 0.801 0.207 0.096 0.182
0 0.759 0.2715 0.046 0.095
0 0.7935 0.4105 0.051 0.089
0 0.71 0.119 0.05 0.086
0 0.6895 0.0285 0.045 0.057
0 0.759 0.0425 0.054 0.081
0 0.9225 0.9705 0.077 0.053
0 0.028 0.093 0.056 0.084
1 0.126 0.462 0.252 0.368
1 0.889 0.3855 0.15 0.163
1 0.9225 0.547 0.153 0.174
1 0.5995 0.935 0.071 0.094
1 0.41 0.929 0.156 0.124
1 0.172 0.952 0.122 0.086
1 0.919 0.0985 0.16 0.191
1 0.666 0.5015 0.144 0.385
4 0.626 0.811 0.026 0.034
4 0.5725 0.844 0.039 0.03
4 0.6255 0.854 0.039 0.022
4 0.945 0.2095 0.042 0.081
