0 0.4355 0.4015 0.049 0.083
0 0.3915 0.427 0.053 0.086
0 0.1235 0.799 0.083 0.088
0 0.192 0.879 0.076 0.078
0 0.263 0.952 0.084 0.086
0 0.587 0.3605 0.058 0.083
0 0.6785 0.3245 0.051 0.093
0 0.6235 0.509 0.093 0.056
0 0.833 0.269 0.06 0.094
0 0.9425 0.23 0.055 0.094
1 0.3715 0.1525 0.243 0.177
1 0.6295 0.273 0.163 0.262
1 0.959 0.4385 0.08 0.151
1 0.8635 0.5425 0.149 0.137
1 0.051 0.547 0.102 0.222
1 0.062 0.2175 0.124 0.195
4 0.465 0.6315 0.04 0.053
4 0.5355 0.719 0.031 0.056
4 0.818 0.6415 0.026 0.051
4 0.53 0.1865 0.032 0.053
4 0.2675 0.0915 0.027 0.077
4 0.0705 0.5755 0.037 0.065
