0 0.196 0.6925 0.094 0.059
0 0.072 0.7245 0.066 0.049
0 0.2945 0.667 0.079 0.048
0 0.3875 0.646 0.089 0.06
0 0.4835 0.6335 0.101 0.059
0 0.7365 0.603 0.039 0.098
0 0.7665 0.744 0.065 0.118
0 0.7845 0.86 0.057 0.11
0 0.812 0.9655 0.044 0.065
0 0.6885 0.335 0.043 0.086
0 0.708 0.4305 0.05 0.093
0 0.658 0.2195 0.052 0.103
0 0.6425 0.0955 0.045 0.091
1 0.459 0.118 0.21 0.2
1 0.86 0.6345 0.136 0.201
1 0.7355 0.1645 0.087 0.053
1 0.892 0.1785 0.104 0.111
1 0.9395 0.36 0.079 0.082
1 0.9665 0.579 0.065 0.144
1 0.6085 0.6945 0.187 0.281
1 0.648 0.921 0.19 0.154
4 0.535 0.4045 0.082 0.125
4 0.4525 0.161 0.023 0.026
4 0.0695 0.3645 0.043 0.067
