0 0.111 0.5625 0.086 0.059
0 0.1395 0.6335 0.085 0.071
0 0.213 0.5955 0.084 0.053
0 0.323 0.6445 0.094 0.067
0 0.414 0.679 0.088 0.07
0 0.5235 0.723 0.093 0.064
0 0.7985 0.653 0.039 0.108
0 0.758 0.9495 0.072 0.095
0 0.9205 0.8005 0.089 0.061
0 0.9665 0.948 0.065 0.056
0 0.9245 0.64 0.097 0.052
0 0.9245 0.68 0.079 0.04
0 0.9125 0.588 0.093 0.056
0 0.867 0.4355 0.076 0.061
0 0.8705 0.378 0.087 0.07
0 0.864 0.3265 0.086 0.073
1 0.2785 0.3345 0.447 0.433
1 0.581 0.298 0.13 0.306
1 0.879 0.1185 0.24 0.207
0 0.8405 0.2565 0.061 0.053
1 0.43 0.773 0.338 0.23
1 0.9515 0.7965 0.095 0.137
1 0.959 0.4125 0.08 0.225
4 0.549 0.8205 0.046 0.065
4 0.2225 0.686 0.071 0.098
