0 0.1205 0.225 0.087 0.062
0 0.23 0.2075 0.104 0.061
0 0.329 0.1955 0.092 0.053
0 0.4715 0.1615 0.087 0.047
0 0.586 0.146 0.088 0.046
0 0.6925 0.1225 0.099 0.051
0 0.7995 0.106 0.089 0.058
0 0.8965 0.089 0.085 0.048
1 0.0585 0.7485 0.117 0.159
1 0.2145 0.7165 0.197 0.213
1 0.396 0.763 0.112 0.216
1 0.59 0.722 0.154 0.298
4 0.8 0.8085 0.196 0.083
4 0.8635 0.686 0.033 0.056
4 0.922 0.7925 0.026 0.051
4 0.8745 0.5 0.035 0.038
4 0.9195 0.4855 0.031 0.031
4 0.9855 0.469 0.027 0.034
4 0.2365 0.941 0.049 0.042
4 0.2495 0.8515 0.037 0.039
4 0.1105 0.969 0.039 0.034
4 0.4015 0.875 0.049 0.068
