0 0.781 0.4495 0.092 0.069
0 0.9365 0.5045 0.047 0.093
0 0.91 0.615 0.046 0.096
0 0.8755 0.7875 0.039 0.083
0 0.8555 0.865 0.037 0.08
0 0.8395 0.9425 0.049 0.103
0 0.7405 0.5725 0.091 0.065
0 0.732 0.6245 0.098 0.047
0 0.7195 0.669 0.089 0.05
0 0.7085 0.7195 0.087 0.059
0 0.6875 0.7705 0.089 0.059
0 0.678 0.8205 0.08 0.053
0 0.6635 0.865 0.095 0.05
0 0.651 0.9145 0.098 0.053
0 0.6475 0.9545 0.089 0.055
0 0.6355 0.987 0.079 0.022
1 0.7405 0.271 0.133 0.176
1 0.639 0.623 0.238 0.324
1 0.9245 0.791 0.149 0.166
1 0.8965 0.927 0.139 0.124
1 0.9565 0.556 0.085 0.19
1 0.0765 0.5675 0.043 0.067
4 0.1735 0.627 0.079 0.09
4 0.0545 0.629 0.085 0.05
