0 0.876 0.0305 0.092 0.057
0 0.874 0.088 0.1 0.07
0 0.8695 0.136 0.087 0.048
0 0.8455 0.242 0.099 0.064
0 0.8325 0.2965 0.099 0.061
0 0.8235 0.3615 0.099 0.055
0 0.826 0.4125 0.088 0.053
0 0.7995 0.522 0.093 0.058
0 0.7965 0.5785 0.087 0.059
0 0.787 0.6365 0.106 0.059
0 0.7755 0.6965 0.089 0.053
0 0.7695 0.7475 0.099 0.061
0 0.7395 0.9245 0.087 0.067
0 0.417 0.9765 0.086 0.043
0 0.2085 0.916 0.091 0.056
0 0.096 0.885 0.096 0.066
0 0.018 0.844 0.036 0.058
0 0.056 0.9825 0.092 0.031
0 0.9855 0.876 0.027 0.1
0 0.9785 0.964 0.041 0.068
1 0.3205 0.345 0.279 0.314
1 0.1825 0.071 0.241 0.136
1 0.6805 0.893 0.195 0.168
1 0.739 0.584 0.164 0.214
1 0.771 0.253 0.158 0.224
1 0.8325 0.071 0.147 0.124
1 0.221 0.4885 0.15 0.175
4 0.3425 0.5235 0.037 0.061
4 0.312 0.4615 0.048 0.027
4 0.3775 0.584 0.047 0.066
4 0.4075 0.041 0.103 0.07
4 0.1005 0.494 0.093 0.056
