0 0.0635 0.5655 0.087 0.071
0 0.1615 0.6025 0.079 0.059
0 0.18 0.7335 0.088 0.067
0 0.2985 0.773 0.097 0.06
0 0.4805 0.699 0.077 0.058
0 0.5635 0.7305 0.081 0.055
0 0.682 0.7725 0.078 0.053
0 0.7815 0.808 0.097 0.058
0 0.888 0.8445 0.092 0.065
0 0.973 0.873 0.052 0.052
0 0.9565 0.9795 0.085 0.037
0 0.847 0.958 0.084 0.056
0 0.7395 0.922 0.085 0.056
0 0.635 0.886 0.082 0.068
0 0.535 0.847 0.084 0.07
0 0.4415 0.8095 0.099 0.061
0 0.0575 0.0235 0.041 0.047
4 0.4335 0.145 0.041 0.07
1 0.4455 0.045 0.161 0.086
1 0.6675 0.0645 0.165 0.125
4 0.7535 0.177 0.049 0.066
4 0.812 0.121 0.058 0.054
4 0.914 0.1905 0.042 0.109
4 0.93 0.4365 0.032 0.075
