0 0.2405 0.025 0.085 0.046
0 0.4075 0.086 0.051 0.1
0 0.2205 0.1435 0.081 0.057
0 0.209 0.1935 0.102 0.073
0 0.2075 0.257 0.091 0.052
0 0.178 0.3225 0.102 0.059
0 0.1665 0.369 0.075 0.054
0 0.164 0.4325 0.084 0.049
0 0.1395 0.49 0.099 0.058
0 0.1235 0.5455 0.083 0.065
0 0.114 0.5975 0.088 0.067
0 0.0955 0.659 0.085 0.068
0 0.085 0.7185 0.096 0.073
0 0.0805 0.7705 0.085 0.059
0 0.0625 0.8335 0.101 0.057
0 0.262 0.6405 0.054 0.101
0 0.2455 0.7255 0.045 0.083
0 0.2255 0.8145 0.049 0.095
0 0.2045 0.909 0.053 0.1
0 0.461 0.3965 0.094 0.049
0 0.565 0.4265 0.082 0.061
0 0.551 0.5545 0.082 0.059
0 0.646 0.5825 0.08 0.067
0 0.656 0.46 0.08 0.07
0 0.824 0.6475 0.098 0.063
0 0.958 0.5735 0.082 0.057
0 0.96 0.0295 0.044 0.055
1 0.1515 0.0995 0.119 0.171
