0 0.939 0.0985 0.082 0.057
0 0.9415 0.029 0.093 0.054
0 0.873 0.3405 0.082 0.073
0 0.8565 0.4135 0.097 0.077
0 0.8355 0.4885 0.081 0.055
0 0.8185 0.55 0.081 0.068
0 0.818 0.6025 0.076 0.059
0 0.8005 0.663 0.095 0.056
0 0.7935 0.708 0.079 0.06
0 0.913 0.7775 0.052 0.103
0 0.8915 0.888 0.053 0.1
0 0.8715 0.9675 0.041 0.059
0 0.7485 0.873 0.085 0.058
0 0.7395 0.94 0.097 0.074
0 0.7295 0.9785 0.091 0.039
1 0.3875 0.475 0.127 0.142
1 0.251 0.629 0.172 0.224
1 0.4065 0.634 0.067 0.124
1 0.161 0.8305 0.112 0.143
1 0.2885 0.9165 0.089 0.097
1 0.0665 0.252 0.133 0.316
4 0.1465 0.4325 0.059 0.069
4 0.102 0.4075 0.038 0.071
4 0.1465 0.2225 0.093 0.055
4 0.2775 0.414 0.093 0.056
4 0.0215 0.845 0.043 0.096
1 0.167 0.96 0.158 0.074
