0 0.243 0.323 0.048 0.104
0 0.294 0.335 0.044 0.086
0 0.3895 0.2395 0.077 0.047
0 0.4 0.192 0.072 0.048
0 0.43 0.091 0.098 0.06
0 0.5155 0.159 0.043 0.088
0 0.562 0.1625 0.048 0.089
0 0.6085 0.1695 0.043 0.085
0 0.6565 0.182 0.045 0.086
0 0.7035 0.1885 0.049 0.101
0 0.857 0.0605 0.072 0.051
0 0.8765 0.1155 0.085 0.047
0 0.829 0.801 0.076 0.09
0 0.6625 0.762 0.055 0.08
0 0.682 0.95 0.044 0.09
0 0.6265 0.9485 0.045 0.085
0 0.506 0.7535 0.07 0.097
0 0.5175 0.9365 0.047 0.097
0 0.4715 0.933 0.049 0.086
0 0.3685 0.915 0.047 0.088
0 0.3975 0.7285 0.055 0.077
0 0.3365 0.721 0.065 0.096
0 0.2535 0.887 0.047 0.098
0 0.207 0.8935 0.05 0.099
0 0.115 0.6965 0.06 0.095
0 0.043 0.861 0.056 0.088
1 0.1875 0.2025 0.207 0.163
1 0.403 0.3405 0.18 0.221
1 0.731 0.502 0.18 0.36
4 0.184 0.3675 0.052 0.149
