0 0.7755 0.0455 0.043 0.075
0 0.8015 0.1605 0.049 0.097
0 0.8265 0.2935 0.055 0.093
0 0.8555 0.395 0.051 0.088
0 0.877 0.494 0.05 0.092
0 0.893 0.596 0.048 0.088
0 0.917 0.7065 0.05 0.099
0 0.943 0.8025 0.048 0.089
0 0.96 0.901 0.048 0.092
0 0.9775 0.9725 0.043 0.051
1 0.3195 0.11 0.211 0.198
1 0.3735 0.398 0.173 0.206
1 0.4345 0.713 0.157 0.174
1 0.487 0.9085 0.144 0.177
1 0.4645 0.0725 0.073 0.091
1 0.493 0.211 0.098 0.14
1 0.547 0.4355 0.092 0.209
1 0.592 0.669 0.116 0.186
1 0.641 0.8935 0.11 0.135
