0 0.497 0.0815 0.09 0.055
0 0.5255 0.178 0.087 0.056
0 0.6365 0.7105 0.091 0.053
0 0.656 0.7595 0.082 0.057
0 0.7275 0.956 0.053 0.084
0 0.9265 0.9515 0.057 0.093
0 0.727 0.112 0.09 0.054
1 0.3425 0.062 0.291 0.108
1 0.3845 0.2335 0.195 0.201
1 0.431 0.617 0.118 0.148
0 0.436 0.6475 0.062 0.049
1 0.551 0.6625 0.162 0.151
1 0.4875 0.82 0.125 0.108
1 0.7255 0.8375 0.091 0.165
1 0.8685 0.817 0.111 0.182
1 0.901 0.5325 0.16 0.155
0 0.9725 0.5685 0.053 0.065
4 0.1975 0.442 0.051 0.088
4 0.1465 0.218 0.049 0.118
4 0.105 0.0495 0.056 0.071
4 0.249 0.669 0.058 0.088
4 0.297 0.9195 0.058 0.091
4 0.8985 0.653 0.055 0.062
