0 0.2735 0.2975 0.041 0.095
0 0.231 0.095 0.052 0.094
0 0.456 0.3685 0.052 0.099
0 0.48 0.4705 0.054 0.093
0 0.5005 0.5745 0.045 0.083
0 0.525 0.6855 0.046 0.097
0 0.552 0.8125 0.054 0.097
0 0.574 0.9045 0.05 0.091
0 0.5865 0.9795 0.045 0.037
1 0.196 0.5425 0.166 0.237
1 0.024 0.4355 0.048 0.163
1 0.0485 0.6155 0.097 0.163
1 0.1515 0.4 0.055 0.096
1 0.017 0.1625 0.034 0.093
4 0.8385 0.091 0.035 0.058
4 0.8555 0.2565 0.073 0.089
4 0.879 0.36 0.042 0.088
4 0.8925 0.4995 0.031 0.079
4 0.936 0.581 0.034 0.046
4 0.949 0.64 0.026 0.064
4 0.972 0.801 0.054 0.086
4 0.9815 0.876 0.035 0.06
4 0.802 0.0145 0.044 0.029
4 0.533 0.0735 0.044 0.093
