0 0.6235 0.053 0.049 0.09
0 0.633 0.125 0.036 0.068
0 0.6485 0.2175 0.051 0.103
0 0.79 0.124 0.042 0.084
0 0.8065 0.223 0.045 0.086
0 0.829 0.311 0.044 0.102
0 0.847 0.4315 0.046 0.103
0 0.679 0.3965 0.044 0.079
0 0.7105 0.553 0.045 0.108
0 0.73 0.6695 0.038 0.087
0 0.747 0.793 0.044 0.076
0 0.7685 0.891 0.049 0.09
0 0.9285 0.8685 0.041 0.097
0 0.9045 0.7455 0.047 0.091
0 0.8875 0.641 0.049 0.092
1 0.9245 0.506 0.093 0.128
1 0.8935 0.3465 0.069 0.109
1 0.869 0.165 0.064 0.07
1 0.856 0.0665 0.084 0.063
1 0.987 0.3645 0.024 0.157
1 0.9575 0.706 0.083 0.186
1 0.9805 0.879 0.037 0.084
4 0.2185 0.8885 0.113 0.065
4 0.363 0.73 0.026 0.038
4 0.014 0.795 0.028 0.108
