0 0.592 0.368 0.07 0.074
0 0.7065 0.488 0.073 0.068
0 0.7595 0.569 0.063 0.076
0 0.788 0.608 0.076 0.07
0 0.854 0.39 0.072 0.068
0 0.874 0.44 0.074 0.058
0 0.9275 0.5335 0.081 0.065
0 0.9715 0.6925 0.055 0.077
0 0.793 0.8275 0.094 0.075
0 0.877 0.9695 0.09 0.057
0 0.505 0.8915 0.084 0.071
0 0.42 0.9515 0.076 0.069
0 0.537 0.9395 0.082 0.073
0 0.572 0.9735 0.082 0.049
0 0.4475 0.9825 0.057 0.031
0 0.039 0.428 0.078 0.072
0 0.024 0.382 0.048 0.068
1 0.7575 0.26 0.107 0.188
1 0.6585 0.149 0.107 0.128
4 0.596 0.112 0.036 0.07
4 0.079 0.3815 0.046 0.079
4 0.142 0.4495 0.04 0.073
