0 0.1795 0.401 0.065 0.066
0 0.244 0.452 0.07 0.068
0 0.311 0.507 0.062 0.06
0 0.3175 0.2745 0.073 0.083
0 0.454 0.395 0.078 0.078
0 0.4895 0.644 0.081 0.074
0 0.5815 0.7175 0.083 0.083
0 0.6855 0.7965 0.085 0.083
0 0.7845 0.875 0.101 0.092
0 0.8805 0.944 0.085 0.082
0 0.501 0.4235 0.064 0.073
0 0.536 0.4585 0.078 0.081
0 0.5775 0.486 0.077 0.08
0 0.6175 0.517 0.073 0.094
0 0.654 0.547 0.082 0.092
0 0.696 0.577 0.072 0.074
0 0.733 0.605 0.064 0.082
0 0.781 0.649 0.086 0.09
0 0.8245 0.6755 0.073 0.087
0 0.8695 0.711 0.067 0.072
0 0.908 0.7465 0.078 0.099
0 0.951 0.7715 0.072 0.087
0 0.979 0.803 0.04 0.068
4 0.1475 0.157 0.041 0.056
4 0.1235 0.354 0.037 0.078
4 0.046 0.289 0.052 0.06
4 0.062 0.019 0.04 0.034
4 0.837 0.3805 0.038 0.075
