0 0.094 0.5535 0.064 0.067
0 0.1425 0.5255 0.089 0.083
0 0.164 0.4765 0.078 0.069
0 0.188 0.434 0.08 0.076
0 0.2375 0.4005 0.073 0.065
0 0.287 0.3565 0.066 0.077
0 0.0105 0.0655 0.021 0.065
0 0.406 0.5775 0.086 0.077
0 0.3725 0.612 0.071 0.072
0 0.3505 0.6565 0.081 0.075
0 0.3275 0.6985 0.075 0.071
1 0.234 0.291 0.124 0.232
1 0.8925 0.0325 0.207 0.059
4 0.322 0.306 0.058 0.118
4 0.5465 0.528 0.073 0.1
4 0.5695 0.9725 0.039 0.039
4 0.573 0.8385 0.048 0.071
4 0.7635 0.7165 0.045 0.065
4 0.784 0.867 0.058 0.082
4 0.953 0.904 0.016 0.044
4 0.957 0.297 0.04 0.08
