0 0.2425 0.425 0.073 0.094
0 0.091 0.537 0.08 0.078
0 0.0205 0.4795 0.041 0.063
0 0.1955 0.6195 0.087 0.077
0 0.282 0.6915 0.074 0.069
0 0.351 0.744 0.076 0.074
0 0.4315 0.798 0.085 0.08
0 0.5175 0.8655 0.087 0.075
0 0.3595 0.667 0.107 0.1
0 0.729 0.726 0.09 0.088
0 0.973 0.6735 0.052 0.097
1 0.083 0.137 0.164 0.204
1 0.2075 0.2955 0.133 0.123
1 0.316 0.2275 0.06 0.159
1 0.8935 0.8315 0.211 0.253
4 0.4155 0.23 0.067 0.07
4 0.4165 0.0795 0.097 0.123
4 0.32 0.0825 0.068 0.107
4 0.8305 0.4295 0.051 0.057
4 0.8735 0.401 0.039 0.058
4 0.905 0.3395 0.056 0.059
4 0.789 0.469 0.044 0.06
