0 0.021 0.108 0.042 0.068
0 0.0375 0.176 0.071 0.068
0 0.0735 0.2115 0.079 0.079
0 0.0975 0.256 0.083 0.074
0 0.1355 0.2935 0.109 0.087
0 0.1825 0.317 0.081 0.08
0 0.189 0.364 0.086 0.086
0 0.223 0.413 0.076 0.078
0 0.2565 0.4555 0.073 0.073
0 0.29 0.499 0.07 0.07
0 0.3225 0.5335 0.079 0.077
0 0.369 0.6025 0.072 0.077
0 0.4065 0.634 0.083 0.082
0 0.4395 0.6755 0.091 0.083
0 0.4605 0.7155 0.065 0.063
0 0.501 0.7695 0.082 0.077
0 0.537 0.81 0.08 0.08
0 0.578 0.8475 0.08 0.073
0 0.6035 0.8865 0.077 0.085
0 0.6425 0.9205 0.091 0.087
0 0.669 0.96 0.084 0.074
0 0.7515 0.918 0.069 0.076
0 0.9095 0.9575 0.075 0.081
0 0.3715 0.3585 0.063 0.075
0 0.3245 0.1435 0.073 0.073
0 0.305 0.097 0.078 0.076
0 0.2615 0.0545 0.087 0.091
0 0.23 0.0235 0.066 0.047
1 0.578 0.319 0.224 0.284
1 0.8515 0.2635 0.295 0.287
1 0.4475 0.1215 0.105 0.147
1 0.9265 0.617 0.145 0.2
1 0.081 0.8 0.122 0.142
