0 0.23 0.019 0.074 0.038
0 0.235 0.0705 0.08 0.041
0 0.2225 0.1165 0.087 0.039
0 0.2195 0.167 0.085 0.038
0 0.2195 0.2285 0.083 0.045
0 0.2145 0.2745 0.087 0.041
0 0.233 0.329 0.084 0.04
0 0.224 0.3795 0.09 0.045
0 0.213 0.4355 0.08 0.045
0 0.2205 0.485 0.083 0.038
0 0.2075 0.5325 0.085 0.045
0 0.203 0.5875 0.078 0.047
0 0.2085 0.6435 0.081 0.041
0 0.1995 0.6995 0.083 0.041
0 0.148 0.7985 0.042 0.097
0 0.3035 0.628 0.041 0.076
0 0.2955 0.8745 0.045 0.099
0 0.3785 0.1815 0.039 0.087
0 0.442 0.174 0.04 0.088
0 0.4365 0.2845 0.039 0.087
0 0.4295 0.392 0.037 0.094
0 0.4255 0.5 0.035 0.086
0 0.4155 0.627 0.041 0.09
0 0.4125 0.7275 0.037 0.079
0 0.41 0.827 0.04 0.092
0 0.983 0.8355 0.032 0.097
1 0.8925 0.334 0.213 0.348
1 0.1885 0.4015 0.149 0.313
1 0.1245 0.897 0.249 0.194
4 0.7635 0.205 0.041 0.062
4 0.061 0.598 0.048 0.086
4 0.056 0.7205 0.044 0.103
4 0.0725 0.407 0.055 0.176
4 0.078 0.0265 0.028 0.047
