0 0.315 0.283 0.088 0.042
0 0.311 0.3435 0.084 0.045
0 0.3135 0.3915 0.069 0.039
0 0.3785 0.4105 0.043 0.101
0 0.3125 0.4425 0.079 0.041
0 0.3015 0.4965 0.097 0.053
0 0.295 0.55 0.09 0.05
0 0.295 0.602 0.088 0.046
0 0.2935 0.658 0.085 0.042
0 0.294 0.713 0.072 0.05
0 0.287 0.767 0.084 0.04
0 0.278 0.925 0.092 0.044
0 0.2805 0.9765 0.087 0.041
0 0.391 0.2035 0.036 0.081
0 0.396 0.121 0.038 0.09
0 0.399 0.0345 0.04 0.065
0 0.5135 0.452 0.041 0.088
0 0.5095 0.5355 0.033 0.081
0 0.505 0.6355 0.038 0.093
0 0.49 0.7625 0.046 0.099
0 0.489 0.865 0.038 0.094
0 0.4895 0.9575 0.041 0.081
0 0.9695 0.168 0.059 0.042
0 0.9755 0.2645 0.047 0.051
0 0.965 0.318 0.068 0.05
0 0.9595 0.413 0.079 0.042
0 0.959 0.465 0.08 0.044
1 0.1415 0.135 0.185 0.23
1 0.3045 0.119 0.125 0.216
1 0.2415 0.4425 0.175 0.193
1 0.246 0.741 0.174 0.23
1 0.2625 0.932 0.147 0.124
4 0.149 0.5235 0.044 0.173
4 0.1375 0.832 0.043 0.176
4 0.158 0.268 0.03 0.088
4 0.606 0.252 0.032 0.102
4 0.9115 0.168 0.045 0.078
4 0.899 0.4395 0.03 0.131
1 0.913 0.255 0.124 0.192
