0 0.094 0.387 0.066 0.082
0 0.43 0.245 0.08 0.1
0 0.251 0.881 0.078 0.068
0 0.333 0.758 0.088 0.084
0 0.3665 0.717 0.085 0.078
0 0.4135 0.6325 0.091 0.079
0 0.4675 0.552 0.079 0.066
0 0.4965 0.5065 0.081 0.073
0 0.5315 0.4635 0.085 0.077
0 0.5545 0.421 0.073 0.062
0 0.582 0.382 0.084 0.08
0 0.6165 0.347 0.083 0.08
0 0.648 0.3075 0.068 0.071
0 0.733 0.178 0.084 0.074
0 0.756 0.1375 0.076 0.067
0 0.813 0.053 0.092 0.084
0 0.921 0.039 0.074 0.074
0 0.327 0.984 0.046 0.026
0 0.511 0.8785 0.084 0.077
0 0.9095 0.297 0.085 0.074
0 0.8905 0.339 0.075 0.06
0 0.8555 0.3805 0.069 0.069
0 0.825 0.422 0.08 0.066
0 0.7995 0.46 0.081 0.07
0 0.767 0.5025 0.086 0.073
0 0.7345 0.543 0.087 0.076
0 0.716 0.586 0.09 0.074
0 0.6615 0.662 0.085 0.074
0 0.6045 0.755 0.077 0.07
0 0.719 0.9255 0.052 0.097
0 0.8775 0.59 0.045 0.09
0 0.871 0.902 0.042 0.088
0 0.923 0.891 0.048 0.088
0 0.9565 0.797 0.047 0.106
1 0.363 0.413 0.108 0.148
1 0.2045 0.6575 0.083 0.095
1 0.0795 0.8165 0.099 0.177
1 0.2125 0.9535 0.137 0.077
1 0.9645 0.0755 0.069 0.133
1 0.973 0.341 0.052 0.126
0 0.5465 0.841 0.079 0.076
