0 0.0285 0.722 0.047 0.088
0 0.16 0.7125 0.054 0.093
0 0.363 0.6835 0.048 0.091
1 0.3265 0.52 0.095 0.162
1 0.0445 0.372 0.089 0.164
1 0.025 0.577 0.05 0.156
1 0.4095 0.6785 0.085 0.141
1 0.087 0.727 0.12 0.132
4 0.5045 0.327 0.043 0.058
4 0.5135 0.3995 0.051 0.055
4 0.5275 0.469 0.041 0.052
4 0.4735 0.4125 0.021 0.053
4 0.599 0.2845 0.076 0.293
4 0.9285 0.28 0.041 0.036
4 0.939 0.3555 0.038 0.031
4 0.9495 0.4265 0.033 0.043
4 0.9725 0.5585 0.047 0.061
4 0.3395 0.333 0.087 0.118
1 0.3185 0.136 0.297 0.176
