0 0.0215 0.431 0.043 0.046
0 0.0345 0.5815 0.069 0.047
0 0.0405 0.633 0.081 0.05
0 0.0425 0.7595 0.085 0.049
0 0.1425 0.745 0.105 0.05
0 0.151 0.8525 0.088 0.049
0 0.19 0.9585 0.098 0.053
0 0.4155 0.864 0.091 0.048
0 0.4015 0.755 0.095 0.054
0 0.3835 0.6475 0.093 0.051
0 0.3775 0.597 0.097 0.056
0 0.3635 0.529 0.119 0.056
0 0.347 0.4205 0.102 0.055
0 0.328 0.3205 0.102 0.055
0 0.3155 0.1935 0.093 0.051
0 0.0945 0.2655 0.093 0.047
0 0.0955 0.319 0.095 0.048
0 0.091 0.3805 0.094 0.053
0 0.119 0.5145 0.098 0.055
0 0.147 0.6235 0.096 0.051
1 0.737 0.62 0.524 0.756
1 0.7965 0.1595 0.307 0.235
4 0.703 0.466 0.028 0.03
4 0.695 0.7615 0.028 0.041
