0 0.027 0.302 0.054 0.068
0 0.0135 0.348 0.027 0.066
0 0.024 0.0395 0.048 0.075
0 0.135 0.394 0.086 0.05
0 0.1475 0.4475 0.079 0.059
0 0.331 0.256 0.086 0.044
0 0.345 0.3585 0.1 0.057
0 0.3535 0.404 0.083 0.054
0 0.3695 0.4495 0.093 0.057
0 0.386 0.493 0.076 0.052
0 0.395 0.543 0.082 0.048
0 0.023 0.8905 0.046 0.089
0 0.057 0.7955 0.052 0.097
0 0.112 0.7895 0.048 0.103
0 0.2165 0.7785 0.045 0.089
0 0.221 0.873 0.042 0.082
0 0.311 0.8415 0.048 0.091
0 0.431 0.6945 0.086 0.045
0 0.444 0.7445 0.082 0.051
0 0.4535 0.792 0.095 0.056
0 0.5875 0.705 0.075 0.052
0 0.5975 0.7495 0.091 0.053
0 0.7735 0.5065 0.053 0.103
0 0.8465 0.271 0.099 0.054
0 0.684 0.0885 0.082 0.043
0 0.688 0.1485 0.092 0.057
0 0.434 0.111 0.088 0.05
0 0.423 0.063 0.096 0.056
0 0.419 0.0135 0.1 0.027
0 0.804 0.671 0.078 0.044
0 0.814 0.765 0.096 0.05
0 0.912 0.7065 0.088 0.049
0 0.915 0.756 0.084 0.05
0 0.8885 0.9625 0.043 0.071
0 0.8905 0.607 0.093 0.05
0 0.973 0.4705 0.052 0.103
0 0.156 0.1255 0.07 0.091
0 0.217 0.178 0.07 0.098
1 0.239 0.246 0.17 0.232
1 0.1215 0.0825 0.191 0.161
4 0.5385 0.8585 0.243 0.095
