0 0.028 0.337 0.056 0.056
0 0.1275 0.292 0.071 0.07
0 0.037 0.0515 0.044 0.093
0 0.0855 0.0485 0.053 0.093
0 0.1415 0.0425 0.053 0.081
0 0.2045 0.034 0.047 0.068
0 0.3145 0.0245 0.045 0.045
0 0.9595 0.125 0.079 0.062
0 0.8285 0.1545 0.083 0.051
0 0.7305 0.1745 0.093 0.053
0 0.4405 0.2425 0.087 0.059
0 0.334 0.2655 0.09 0.059
0 0.224 0.2945 0.09 0.053
1 0.027 0.8555 0.054 0.149
1 0.1695 0.823 0.199 0.176
1 0.4015 0.732 0.331 0.354
1 0.7345 0.834 0.307 0.304
1 0.445 0.068 0.078 0.1
4 0.571 0.358 0.052 0.092
4 0.6375 0.3085 0.055 0.057
4 0.641 0.402 0.054 0.1
4 0.792 0.394 0.162 0.098
4 0.868 0.3075 0.06 0.089
4 0.9255 0.2595 0.071 0.083
4 0.988 0.22 0.022 0.08
4 0.97 0.3615 0.058 0.073
4 0.138 0.706 0.056 0.038
4 0.702 0.819 0.044 0.032
