0 0.2435 0.038 0.035 0.072
0 0.2455 0.1615 0.041 0.109
0 0.2305 0.3435 0.037 0.087
0 0.335 0.387 0.04 0.094
0 0.329 0.518 0.044 0.102
0 0.2265 0.5335 0.035 0.117
0 0.2195 0.7505 0.037 0.097
0 0.3175 0.739 0.037 0.084
0 0.2145 0.9705 0.037 0.055
1 0.895 0.259 0.208 0.23
1 0.9065 0.77 0.185 0.318
1 0.216 0.1555 0.128 0.157
1 0.1965 0.487 0.117 0.172
1 0.37 0.6655 0.132 0.169
1 0.4125 0.171 0.047 0.066
4 0.961 0.531 0.04 0.054
4 0.5185 0.065 0.037 0.072
1 0.701 0.2125 0.176 0.199
4 0.819 0.25 0.026 0.074
4 0.0905 0.309 0.043 0.062
4 0.0935 0.12 0.045 0.068
4 0.086 0.4705 0.036 0.075
