0 0.764 0.3735 0.098 0.051
0 0.894 0.5725 0.042 0.095
0 0.974 0.5635 0.038 0.087
1 0.466 0.4295 0.142 0.315
1 0.599 0.082 0.24 0.16
1 0.885 0.479 0.228 0.256
1 0.8695 0.0765 0.205 0.141
1 0.1935 0.328 0.053 0.088
1 0.131 0.698 0.134 0.228
1 0.504 0.8555 0.104 0.213
4 0.3115 0.21 0.037 0.042
4 0.3685 0.15 0.047 0.058
4 0.4215 0.2005 0.037 0.059
4 0.1105 0.2485 0.021 0.089
4 0.05 0.2765 0.1 0.041
4 0.07 0.1755 0.072 0.105
4 0.0605 0.07 0.121 0.056
4 0.2425 0.592 0.029 0.05
4 0.2975 0.565 0.025 0.04
4 0.399 0.767 0.036 0.048
