1 0.52 0.342 0.27 0.636
1 0.1485 0.056 0.297 0.112
1 0.122 0.6375 0.244 0.367
1 0.0785 0.915 0.157 0.154
0 0.527 0.2175 0.042 0.077
1 0.977 0.8345 0.044 0.165
4 0.802 0.6215 0.032 0.045
4 0.805 0.7065 0.042 0.045
4 0.7845 0.793 0.035 0.036
4 0.8195 0.786 0.033 0.05
4 0.854 0.814 0.034 0.048
4 0.901 0.6815 0.032 0.071
4 0.886 0.604 0.016 0.038
4 0.9155 0.607 0.019 0.036
4 0.8995 0.5095 0.039 0.085
4 0.8225 0.388 0.151 0.056
4 0.7035 0.4705 0.077 0.161
4 0.8445 0.271 0.049 0.066
4 0.7355 0.0415 0.061 0.059
