1 0.2865 0.4025 0.305 0.203
1 0.4015 0.5955 0.131 0.213
1 0.071 0.2375 0.142 0.229
1 0.325 0.112 0.178 0.2
1 0.5965 0.19 0.185 0.192
1 0.593 0.628 0.172 0.23
1 0.298 0.8775 0.248 0.223
4 0.574 0.432 0.046 0.096
4 0.6445 0.33 0.243 0.052
4 0.893 0.2755 0.19 0.033
4 0.663 0.0475 0.064 0.041
4 0.47 0.0395 0.088 0.057
4 0.0785 0.8975 0.051 0.077
4 0.57 0.7835 0.034 0.033
4 0.5915 0.8525 0.023 0.041
4 0.601 0.9075 0.02 0.033
4 0.694 0.8585 0.024 0.029
4 0.729 0.8595 0.016 0.033
4 0.689 0.903 0.024 0.048
4 0.7335 0.8925 0.027 0.039
4 0.9085 0.864 0.049 0.06
4 0.3285 0.54 0.025 0.066
