0 0.272 0.5415 0.042 0.091
0 0.223 0.554 0.044 0.1
0 0.123 0.561 0.036 0.082
0 0.0735 0.563 0.037 0.094
0 0.008 0.571 0.016 0.104
1 0.3035 0.424 0.209 0.316
1 0.8005 0.3345 0.359 0.327
1 0.0675 0.4655 0.135 0.171
1 0.231 0.1385 0.082 0.095
1 0.969 0.9445 0.06 0.101
4 0.6415 0.2465 0.075 0.045
4 0.743 0.691 0.05 0.186
4 0.7865 0.5725 0.025 0.107
4 0.848 0.641 0.048 0.068
4 0.935 0.6105 0.024 0.041
4 0.9385 0.906 0.027 0.048
4 0.8945 0.8925 0.033 0.025
4 0.9035 0.975 0.037 0.034
4 0.769 0.888 0.022 0.022
1 0.4305 0.816 0.165 0.198
1 0.065 0.0895 0.13 0.169
1 0.5395 0.1095 0.181 0.119
1 0.699 0.0405 0.072 0.059
