0 0.0425 0.3645 0.085 0.063
0 0.123 0.2245 0.096 0.059
0 0.228 0.1935 0.082 0.051
0 0.144 0.329 0.092 0.062
0 0.2375 0.3035 0.073 0.047
0 0.3575 0.271 0.095 0.066
0 0.428 0.138 0.088 0.05
0 0.483 0.2415 0.092 0.059
0 0.5215 0.1105 0.091 0.057
0 0.62 0.087 0.094 0.056
0 0.729 0.226 0.042 0.068
0 0.771 0.2035 0.052 0.089
0 0.82 0.199 0.05 0.092
0 0.8945 0.1735 0.045 0.077
0 0.9385 0.161 0.049 0.098
0 0.9785 0.146 0.041 0.102
1 0.3065 0.326 0.161 0.134
1 0.1815 0.175 0.159 0.144
1 0.457 0.0605 0.33 0.109
1 0.816 0.0515 0.174 0.103
1 0.653 0.7875 0.166 0.207
1 0.935 0.8865 0.128 0.197
1 0.946 0.6965 0.106 0.177
0 0.814 0.033 0.084 0.048
0 0.9355 0.015 0.081 0.03
4 0.549 0.3495 0.062 0.049
4 0.2195 0.4435 0.121 0.073
4 0.07 0.478 0.14 0.07
4 0.442 0.866 0.294 0.108
1 0.596 0.9515 0.112 0.091
1 0.8235 0.739 0.137 0.144
1 0.695 0.2095 0.076 0.101
