0 0.093 0.5025 0.096 0.051
0 0.114 0.707 0.078 0.044
0 0.0275 0.713 0.055 0.05
0 0.333 0.7075 0.1 0.047
0 0.223 0.7005 0.088 0.049
0 0.321 0.478 0.094 0.048
0 0.4205 0.468 0.093 0.056
0 0.5055 0.464 0.075 0.038
0 0.4755 0.512 0.093 0.044
0 0.724 0.448 0.084 0.042
0 0.853 0.4395 0.08 0.043
0 0.979 0.43 0.04 0.05
0 0.6375 0.931 0.039 0.098
0 0.5165 0.8335 0.035 0.085
0 0.5215 0.9295 0.041 0.099
1 0.0505 0.4425 0.101 0.119
1 0.438 0.4325 0.096 0.151
1 0.6885 0.402 0.091 0.136
1 0.91 0.6755 0.178 0.181
0 0.8645 0.69 0.073 0.048
0 0.9645 0.6845 0.069 0.059
1 0.3395 0.6835 0.149 0.139
1 0.039 0.711 0.078 0.158
1 0.8915 0.2795 0.129 0.195
1 0.9495 0.1205 0.099 0.241
4 0.982 0.2005 0.034 0.071
