0 0.1075 0.4285 0.093 0.047
0 0.203 0.4235 0.086 0.043
0 0.3085 0.4175 0.079 0.039
0 0.167 0.6875 0.084 0.047
0 0.076 0.684 0.074 0.052
0 0.2745 0.6855 0.093 0.043
0 0.3835 0.6765 0.089 0.045
0 0.4705 0.512 0.103 0.056
0 0.4905 0.41 0.091 0.046
0 0.5895 0.403 0.091 0.044
0 0.685 0.396 0.088 0.038
0 0.586 0.5035 0.076 0.045
0 0.703 0.503 0.082 0.04
0 0.794 0.5 0.084 0.04
0 0.9035 0.492 0.087 0.044
0 0.981 0.3825 0.036 0.045
0 0.978 0.49 0.042 0.054
0 0.952 0.5875 0.094 0.041
1 0.488 0.224 0.16 0.194
1 0.925 0.1865 0.148 0.183
1 0.094 0.1915 0.188 0.365
1 0.034 0.6935 0.068 0.131
1 0.272 0.7035 0.136 0.139
1 0.678 0.709 0.16 0.132
1 0.9375 0.687 0.123 0.158
1 0.863 0.531 0.272 0.166
1 0.597 0.545 0.168 0.142
4 0.5125 0.2155 0.039 0.087
4 0.891 0.04 0.01 0.074
4 0.941 0.086 0.052 0.054
