0 0.0095 0.1715 0.019 0.083
0 0.0405 0.16 0.041 0.1
0 0.085 0.1475 0.052 0.089
0 0.164 0.124 0.048 0.096
0 0.2085 0.11 0.049 0.086
0 0.2565 0.102 0.045 0.08
0 0.354 0.0815 0.048 0.097
0 0.443 0.049 0.052 0.092
0 0.52 0.0385 0.044 0.077
0 0.57 0.029 0.046 0.054
0 0.6535 0.021 0.039 0.042
1 0.385 0.684 0.148 0.178
1 0.488 0.552 0.094 0.224
1 0.8795 0.7335 0.239 0.499
1 0.292 0.921 0.584 0.148
1 0.076 0.677 0.152 0.17
4 0.2585 0.473 0.097 0.038
4 0.2725 0.514 0.029 0.018
4 0.335 0.5185 0.042 0.041
4 0.1135 0.563 0.055 0.06
4 0.7485 0.92 0.079 0.058
4 0.49 0.6565 0.024 0.081
4 0.486 0.466 0.03 0.064
4 0.3955 0.409 0.043 0.05
4 0.886 0.271 0.038 0.03
