1 0.234 0.6505 0.468 0.659
1 0.054 0.2105 0.054 0.079
1 0.1535 0.2005 0.039 0.081
1 0.258 0.183 0.058 0.13
1 0.343 0.1565 0.058 0.087
1 0.4405 0.1375 0.067 0.097
1 0.5525 0.112 0.043 0.094
1 0.6545 0.0935 0.093 0.097
1 0.747 0.072 0.066 0.108
1 0.841 0.063 0.064 0.086
1 0.937 0.038 0.074 0.07
1 0.9475 0.237 0.103 0.162
1 0.6675 0.82 0.099 0.118
1 0.949 0.9315 0.1 0.121
1 0.038 0.0535 0.076 0.107
1 0.1245 0.0325 0.055 0.053
4 0.2545 0.5135 0.035 0.071
4 0.78 0.479 0.05 0.026
4 0.687 0.482 0.038 0.038
4 0.677 0.4025 0.07 0.049
