0 0.3215 0.2135 0.097 0.051
0 0.031 0.907 0.062 0.05
0 0.2075 0.861 0.095 0.064
0 0.2025 0.9815 0.041 0.033
0 0.1575 0.99 0.033 0.016
0 0.2535 0.9785 0.041 0.039
0 0.3495 0.9665 0.041 0.063
0 0.4435 0.95 0.053 0.09
0 0.52 0.9365 0.046 0.081
0 0.569 0.911 0.05 0.076
0 0.6505 0.8985 0.047 0.075
0 0.7385 0.873 0.039 0.066
0 0.7815 0.8605 0.053 0.085
0 0.833 0.8445 0.056 0.103
0 0.7095 0.7265 0.095 0.059
0 0.6005 0.7505 0.089 0.055
0 0.4985 0.779 0.069 0.04
0 0.3395 0.8245 0.093 0.057
1 0.5485 0.732 0.175 0.254
1 0.808 0.6515 0.062 0.159
1 0.926 0.532 0.08 0.15
1 0.207 0.829 0.108 0.166
4 0.1335 0.3965 0.063 0.215
4 0.029 0.5295 0.036 0.079
4 0.079 0.399 0.08 0.094
4 0.031 0.3135 0.044 0.065
4 0.087 0.76 0.174 0.086
