1 0.5765 0.467 0.375 0.552
1 0.909 0.7805 0.076 0.127
1 0.8095 0.789 0.073 0.132
1 0.7135 0.814 0.053 0.118
1 0.6175 0.8435 0.063 0.107
1 0.512 0.857 0.066 0.11
1 0.407 0.875 0.106 0.128
1 0.1295 0.926 0.069 0.088
1 0.0445 0.9445 0.089 0.095
1 0.9375 0.0885 0.123 0.147
1 0.953 0.9415 0.056 0.083
1 0.857 0.9565 0.06 0.059
1 0.7695 0.9655 0.045 0.045
4 0.727 0.257 0.042 0.082
4 0.832 0.186 0.054 0.072
4 0.77 0.1575 0.028 0.061
1 0.9625 0.267 0.073 0.152
1 0.022 0.4515 0.044 0.195
1 0.1225 0.724 0.245 0.244
1 0.1875 0.515 0.089 0.126
