0 0.2285 0.503 0.041 0.098
0 0.3025 0.493 0.043 0.088
0 0.4705 0.474 0.043 0.092
0 0.5685 0.463 0.047 0.09
0 0.699 0.4515 0.042 0.089
0 0.7275 0.6555 0.045 0.089
0 0.666 0.655 0.034 0.082
0 0.667 0.77 0.046 0.102
0 0.5715 0.6705 0.043 0.091
0 0.4505 0.68 0.041 0.086
0 0.2395 0.7055 0.039 0.089
0 0.287 0.805 0.04 0.088
0 0.2785 0.98 0.035 0.036
0 0.385 0.977 0.03 0.042
0 0.4395 0.9725 0.041 0.045
0 0.603 0.967 0.042 0.062
4 0.0955 0.7725 0.047 0.129
4 0.93 0.5005 0.138 0.051
4 0.8735 0.642 0.031 0.232
4 0.9415 0.757 0.115 0.056
