0 0.0875 0.448 0.041 0.082
0 0.015 0.1895 0.03 0.047
0 0.0815 0.174 0.095 0.052
0 0.217 0.1385 0.086 0.053
0 0.319 0.115 0.094 0.05
0 0.421 0.0955 0.092 0.047
0 0.5145 0.074 0.083 0.052
0 0.612 0.0525 0.084 0.045
0 0.7475 0.0255 0.095 0.051
0 0.862 0.013 0.088 0.022
0 0.9355 0.143 0.047 0.08
0 0.9775 0.138 0.043 0.09
0 0.82 0.181 0.056 0.082
0 0.766 0.1875 0.044 0.087
0 0.713 0.2015 0.044 0.085
0 0.6545 0.2075 0.047 0.085
0 0.6055 0.218 0.043 0.09
0 0.5545 0.2335 0.047 0.091
0 0.504 0.2435 0.044 0.101
0 0.4425 0.2545 0.047 0.085
0 0.255 0.2265 0.088 0.055
0 0.161 0.2685 0.068 0.061
0 0.1005 0.3515 0.057 0.087
0 0.2845 0.566 0.089 0.04
0 0.3925 0.5715 0.093 0.039
0 0.4975 0.5745 0.085 0.035
0 0.593 0.507 0.038 0.08
0 0.6455 0.503 0.035 0.088
0 0.695 0.506 0.038 0.09
0 0.743 0.509 0.04 0.096
0 0.793 0.5075 0.032 0.083
0 0.844 0.509 0.034 0.102
0 0.9575 0.518 0.045 0.11
0 0.0155 0.704 0.031 0.044
0 0.0875 0.704 0.083 0.044
0 0.3195 0.708 0.073 0.036
0 0.497 0.717 0.074 0.036
0 0.6165 0.708 0.077 0.042
0 0.7915 0.7125 0.079 0.033
0 0.816 0.914 0.078 0.042
0 0.8205 0.96 0.091 0.038
0 0.9825 0.907 0.033 0.038
1 0.544 0.493 0.092 0.16
1 0.8815 0.4765 0.147 0.305
1 0.8755 0.173 0.127 0.24
1 0.4185 0.3155 0.295 0.229
1 0.205 0.376 0.106 0.18
4 0.3575 0.4695 0.041 0.071
