0 0.6575 0.532 0.081 0.056
1 0.274 0.341 0.094 0.138
1 0.5655 0.3155 0.453 0.125
1 0.915 0.1805 0.168 0.289
1 0.9785 0.4205 0.041 0.091
1 0.8895 0.4705 0.071 0.091
1 0.798 0.473 0.084 0.104
1 0.7015 0.4975 0.045 0.115
1 0.6075 0.52 0.047 0.106
1 0.52 0.5415 0.076 0.103
1 0.43 0.556 0.076 0.108
1 0.237 0.5985 0.08 0.131
1 0.1505 0.5795 0.079 0.087
1 0.0565 0.623 0.075 0.112
1 0.075 0.476 0.076 0.092
1 0.081 0.355 0.124 0.126
1 0.0905 0.8125 0.079 0.115
1 0.1835 0.781 0.051 0.088
1 0.2645 0.7555 0.045 0.071
1 0.3685 0.7465 0.071 0.083
1 0.466 0.726 0.044 0.1
1 0.57 0.7115 0.05 0.083
1 0.741 0.65 0.054 0.092
1 0.8335 0.6435 0.053 0.077
1 0.9395 0.6185 0.059 0.091
1 0.989 0.6045 0.02 0.083
1 0.443 0.1945 0.072 0.093
4 0.3735 0.905 0.053 0.056
4 0.249 0.929 0.024 0.04
