0 0.0395 0.326 0.079 0.044
0 0.031 0.384 0.062 0.036
0 0.0375 0.4255 0.075 0.041
0 0.1845 0.547 0.039 0.09
0 0.839 0.4105 0.086 0.041
0 0.826 0.1605 0.092 0.043
0 0.8075 0.108 0.087 0.038
0 0.821 0.0565 0.092 0.035
0 0.817 0.0175 0.08 0.031
0 0.984 0.109 0.03 0.042
0 0.9845 0.207 0.029 0.042
1 0.5695 0.4645 0.179 0.227
1 0.187 0.568 0.254 0.48
1 0.863 0.869 0.108 0.138
4 0.5355 0.59 0.141 0.076
4 0.491 0.894 0.036 0.064
4 0.541 0.2935 0.036 0.043
4 0.072 0.8495 0.062 0.041
4 0.213 0.832 0.042 0.022
