0 0.057 0.604 0.112 0.05
0 0.0785 0.751 0.097 0.044
0 0.17 0.6005 0.076 0.043
0 0.289 0.6105 0.088 0.037
0 0.449 0.3635 0.034 0.089
0 0.4315 0.241 0.045 0.092
0 0.401 0.6165 0.078 0.041
0 0.5065 0.612 0.071 0.038
0 0.6075 0.617 0.081 0.036
0 0.7005 0.618 0.083 0.04
0 0.7975 0.618 0.095 0.038
0 0.9605 0.625 0.077 0.046
0 0.8945 0.767 0.081 0.036
0 0.79 0.758 0.08 0.042
0 0.6865 0.763 0.087 0.044
0 0.5885 0.754 0.089 0.038
0 0.4825 0.755 0.089 0.04
1 0.276 0.413 0.162 0.19
1 0.235 0.538 0.162 0.21
1 0.3875 0.103 0.121 0.184
4 0.428 0.4915 0.044 0.079
4 0.059 0.278 0.026 0.044
4 0.3865 0.2285 0.033 0.055
