1 0.1725 0.1925 0.085 0.145
1 0.2845 0.193 0.069 0.146
1 0.4065 0.2645 0.149 0.315
1 0.045 0.3775 0.09 0.177
1 0.1305 0.8225 0.133 0.159
1 0.7485 0.4725 0.115 0.171
1 0.8745 0.345 0.187 0.16
1 0.7375 0.2035 0.117 0.159
1 0.6375 0.043 0.053 0.086
1 0.722 0.038 0.07 0.07
1 0.8165 0.0545 0.083 0.093
1 0.231 0.037 0.07 0.074
1 0.1295 0.047 0.079 0.078
1 0.0375 0.0695 0.075 0.093
1 0.951 0.7555 0.096 0.349
4 0.4215 0.3605 0.045 0.053
4 0.354 0.3125 0.048 0.059
4 0.82 0.6205 0.036 0.045
4 0.0225 0.8815 0.045 0.065
