0 0.5975 0.5095 0.039 0.091
0 0.4335 0.6265 0.093 0.043
0 0.431 0.887 0.086 0.044
0 0.42 0.931 0.076 0.044
0 0.5385 0.886 0.085 0.038
0 0.524 0.8395 0.102 0.049
0 0.8095 0.8865 0.093 0.039
0 0.8015 0.941 0.091 0.042
0 0.796 0.2595 0.038 0.099
0 0.846 0.241 0.038 0.098
0 0.925 0.3685 0.086 0.059
0 0.434 0.8285 0.05 0.035
0 0.952 0.465 0.06 0.056
1 0.6885 0.2555 0.145 0.285
1 0.935 0.5655 0.128 0.301
1 0.038 0.458 0.076 0.198
1 0.036 0.757 0.072 0.126
1 0.047 0.941 0.092 0.108
4 0.175 0.3545 0.036 0.053
4 0.1145 0.3445 0.071 0.053
