0 0.0565 0.47 0.053 0.044
0 0.0335 0.3635 0.067 0.053
0 0.382 0.361 0.082 0.038
0 0.3755 0.4635 0.071 0.041
0 0.38 0.599 0.068 0.048
0 0.3615 0.6915 0.065 0.037
0 0.367 0.737 0.088 0.036
0 0.3785 0.8305 0.079 0.039
0 0.3785 0.879 0.079 0.036
0 0.364 0.9685 0.096 0.045
0 0.5715 0.9575 0.067 0.081
0 0.6605 0.861 0.077 0.088
0 0.7715 0.7665 0.065 0.071
0 0.843 0.696 0.076 0.09
0 0.916 0.6385 0.072 0.079
1 0.0815 0.5995 0.161 0.233
4 0.5825 0.209 0.053 0.036
4 0.9155 0.2385 0.035 0.047
4 0.197 0.4835 0.028 0.099
4 0.883 0.9155 0.058 0.055
4 0.807 0.972 0.044 0.038
