1 0.072 0.427 0.048 0.086
1 0.1555 0.4165 0.067 0.083
1 0.267 0.3895 0.042 0.095
1 0.3635 0.3745 0.041 0.089
1 0.467 0.3585 0.052 0.085
1 0.538 0.3285 0.036 0.085
1 0.652 0.315 0.092 0.094
1 0.7445 0.272 0.065 0.094
1 0.9075 0.2305 0.127 0.089
1 0.961 0.062 0.076 0.094
1 0.872 0.085 0.052 0.07
1 0.805 0.0925 0.054 0.063
1 0.693 0.1185 0.058 0.071
1 0.615 0.1325 0.04 0.059
1 0.5085 0.1665 0.035 0.061
1 0.4195 0.181 0.045 0.074
1 0.3265 0.197 0.097 0.082
1 0.206 0.22 0.082 0.068
1 0.127 0.235 0.046 0.08
1 0.0475 0.253 0.065 0.068
1 0.0495 0.075 0.095 0.132
1 0.7395 0.576 0.143 0.23
1 0.8235 0.438 0.075 0.128
1 0.9115 0.3935 0.093 0.115
1 0.667 0.795 0.142 0.164
1 0.2425 0.872 0.259 0.238
1 0.357 0.618 0.192 0.186
1 0.069 0.6315 0.138 0.241
4 0.8385 0.6375 0.043 0.053
4 0.327 0.796 0.032 0.042
4 0.1275 0.8915 0.033 0.171
4 0.924 0.81 0.046 0.074
4 0.822 0.813 0.072 0.074
