0 0.127 0.403 0.082 0.044
0 0.3125 0.482 0.039 0.098
0 0.495 0.4225 0.1 0.035
0 0.4945 0.481 0.095 0.046
0 0.5115 0.3655 0.111 0.047
0 0.521 0.31 0.078 0.036
0 0.133 0.2525 0.098 0.037
0 0.11 0.2025 0.072 0.033
0 0.109 0.109 0.082 0.04
0 0.1085 0.0595 0.077 0.047
0 0.1015 0.018 0.067 0.036
0 0.76 0.836 0.084 0.044
1 0.311 0.7765 0.102 0.171
1 0.2485 0.908 0.151 0.18
1 0.885 0.77 0.146 0.184
1 0.893 0.937 0.142 0.122
1 0.9085 0.463 0.163 0.248
1 0.6995 0.44 0.215 0.336
4 0.4395 0.621 0.221 0.05
4 0.6395 0.6385 0.049 0.049
4 0.6625 0.7215 0.031 0.045
4 0.7095 0.927 0.133 0.038
4 0.7385 0.6285 0.037 0.035
4 0.8235 0.2605 0.015 0.065
4 0.955 0.279 0.024 0.044
4 0.2275 0.5735 0.057 0.075
4 0.092 0.6155 0.054 0.057
