0 0.11 0.031 0.04 0.062
0 0.117 0.1185 0.038 0.071
0 0.1225 0.208 0.035 0.084
0 0.132 0.3495 0.04 0.087
0 0.135 0.4555 0.044 0.081
0 0.039 0.7315 0.078 0.037
0 0.1395 0.73 0.085 0.038
0 0.3615 0.736 0.083 0.038
0 0.357 0.5965 0.07 0.041
0 0.4665 0.5915 0.095 0.045
0 0.556 0.588 0.066 0.038
0 0.694 0.595 0.08 0.038
0 0.8405 0.6 0.081 0.044
0 0.951 0.6065 0.096 0.043
0 0.964 0.749 0.07 0.052
0 0.478 0.7345 0.096 0.043
1 0.8705 0.4665 0.257 0.231
4 0.207 0.0695 0.03 0.103
4 0.2125 0.1845 0.029 0.051
4 0.2195 0.2555 0.033 0.063
4 0.2295 0.4145 0.031 0.187
4 0.282 0.51 0.08 0.046
4 0.2995 0.359 0.035 0.05
4 0.268 0.274 0.026 0.082
4 0.804 0.2975 0.05 0.047
4 0.716 0.447 0.052 0.132
