0 0.0195 0.2325 0.039 0.095
0 0.0625 0.2325 0.039 0.083
0 0.1575 0.2205 0.043 0.091
0 0.2705 0.3815 0.091 0.051
0 0.2725 0.5145 0.089 0.045
0 0.277 0.5665 0.08 0.037
0 0.266 0.6165 0.094 0.043
0 0.268 0.7035 0.098 0.039
0 0.267 0.758 0.096 0.052
0 0.2675 0.969 0.083 0.04
0 0.0375 0.422 0.075 0.042
0 0.043 0.4775 0.086 0.035
0 0.0425 0.5325 0.085 0.049
0 0.041 0.584 0.082 0.046
0 0.036 0.636 0.072 0.038
0 0.041 0.683 0.082 0.04
0 0.041 0.727 0.082 0.04
0 0.048 0.862 0.096 0.044
0 0.0445 0.9145 0.089 0.049
0 0.0545 0.968 0.091 0.048
1 0.047 0.0735 0.094 0.131
1 0.1625 0.0385 0.075 0.077
4 0.9825 0.812 0.033 0.068
4 0.9795 0.9565 0.039 0.047
