0 0.0845 0.546 0.063 0.076
0 0.043 0.578 0.072 0.088
0 0.0145 0.6075 0.029 0.077
0 0.0305 0.7285 0.061 0.087
0 0.0715 0.707 0.065 0.08
0 0.1095 0.6635 0.075 0.083
0 0.288 0.661 0.058 0.094
0 0.3335 0.6705 0.047 0.091
0 0.382 0.6815 0.054 0.081
0 0.4235 0.6905 0.047 0.093
0 0.472 0.702 0.04 0.088
0 0.5225 0.714 0.047 0.084
0 0.573 0.7245 0.05 0.091
0 0.5935 0.574 0.057 0.05
0 0.4925 0.551 0.103 0.068
0 0.362 0.5165 0.086 0.047
0 0.617 0.5 0.052 0.052
0 0.58 0.13 0.048 0.078
0 0.531 0.11 0.048 0.098
0 0.483 0.099 0.046 0.09
0 0.436 0.09 0.048 0.084
0 0.3955 0.0755 0.051 0.103
0 0.351 0.071 0.044 0.088
0 0.212 0.119 0.038 0.098
0 0.212 0.029 0.038 0.054
0 0.7905 0.9505 0.045 0.071
1 0.0665 0.4135 0.133 0.207
1 0.118 0.5905 0.146 0.183
1 0.517 0.9205 0.106 0.143
4 0.2895 0.394 0.069 0.08
