0 0.015 0.0815 0.03 0.091
0 0.0495 0.092 0.051 0.082
0 0.0985 0.1025 0.057 0.091
0 0.1525 0.118 0.047 0.072
0 0.2005 0.1315 0.051 0.085
0 0.257 0.1425 0.052 0.085
0 0.3095 0.153 0.055 0.088
0 0.3965 0.1815 0.051 0.103
0 0.4555 0.196 0.051 0.092
0 0.503 0.2125 0.046 0.077
0 0.5735 0.2285 0.051 0.091
0 0.4445 0.0215 0.037 0.039
0 0.486 0.07 0.074 0.05
0 0.565 0.0365 0.046 0.069
0 0.6175 0.0365 0.043 0.073
0 0.0135 0.5535 0.027 0.055
0 0.0605 0.7345 0.077 0.053
0 0.024 0.797 0.048 0.042
0 0.017 0.864 0.034 0.042
0 0.1405 0.8315 0.099 0.065
0 0.124 0.894 0.08 0.048
0 0.189 0.7685 0.072 0.055
0 0.2795 0.621 0.099 0.062
0 0.2935 0.7965 0.093 0.059
0 0.49 0.7415 0.094 0.063
0 0.5975 0.642 0.093 0.056
0 0.6375 0.7185 0.091 0.057
0 0.7975 0.572 0.075 0.072
0 0.8645 0.419 0.049 0.1
0 0.8745 0.313 0.047 0.1
0 0.902 0.1425 0.05 0.085
0 0.426 0.84 0.09 0.056
0 0.402 0.8935 0.08 0.053
0 0.3855 0.9575 0.079 0.051
0 0.243 0.929 0.094 0.054
0 0.275 0.8675 0.094 0.059
1 0.4625 0.3345 0.253 0.221
1 0.719 0.1395 0.146 0.269
1 0.1795 0.289 0.155 0.214
