0 0.0945 0.0225 0.037 0.045
0 0.1425 0.032 0.045 0.06
0 0.2785 0.0475 0.049 0.083
0 0.3735 0.065 0.049 0.084
0 0.474 0.09 0.05 0.086
0 0.5195 0.106 0.047 0.088
0 0.604 0.118 0.048 0.102
0 0.708 0.6595 0.076 0.057
0 0.6795 0.786 0.093 0.044
1 0.712 0.404 0.082 0.124
1 0.667 0.558 0.054 0.106
1 0.6185 0.732 0.073 0.1
1 0.9555 0.9035 0.087 0.171
1 0.763 0.161 0.092 0.14
1 0.942 0.506 0.092 0.162
1 0.4265 0.0745 0.061 0.109
1 0.62 0.1175 0.106 0.177
1 0.211 0.0395 0.052 0.079
4 0.166 0.7215 0.102 0.079
4 0.588 0.378 0.044 0.064
