0 0.179 0.68 0.066 0.15
0 0.0155 0.8225 0.031 0.053
0 0.2515 0.7345 0.047 0.099
0 0.3915 0.916 0.089 0.056
0 0.679 0.8265 0.054 0.083
0 0.733 0.837 0.042 0.086
0 0.9 0.876 0.05 0.076
0 0.73 0.984 0.086 0.028
1 0.444 0.583 0.126 0.198
1 0.4005 0.745 0.127 0.132
1 0.577 0.779 0.1 0.152
1 0.6435 0.639 0.093 0.18
1 0.813 0.656 0.11 0.18
1 0.7875 0.824 0.105 0.174
1 0.9105 0.8865 0.127 0.173
0 0.987 0.9045 0.024 0.067
1 0.0545 0.6755 0.109 0.189
1 0.062 0.304 0.124 0.288
4 0.3475 0.3245 0.033 0.055
4 0.38 0.2395 0.03 0.053
4 0.395 0.171 0.034 0.066
4 0.4895 0.257 0.047 0.06
4 0.4605 0.319 0.049 0.064
4 0.445 0.5125 0.034 0.053
4 0.504 0.5235 0.032 0.039
4 0.303 0.542 0.022 0.05
4 0.0855 0.5035 0.033 0.039
4 0.172 0.128 0.032 0.056
4 0.9875 0.648 0.023 0.062
