0 0.746 0.1785 0.046 0.085
0 0.021 0.761 0.042 0.078
0 0.0615 0.7775 0.043 0.087
0 0.1155 0.7815 0.047 0.083
0 0.1675 0.7895 0.049 0.097
0 0.224 0.7905 0.044 0.081
0 0.2705 0.816 0.041 0.086
0 0.32 0.8285 0.036 0.077
0 0.369 0.832 0.042 0.094
0 0.425 0.833 0.038 0.098
0 0.5315 0.869 0.043 0.092
0 0.581 0.8885 0.05 0.095
0 0.641 0.8925 0.064 0.091
0 0.689 0.904 0.05 0.078
0 0.744 0.913 0.036 0.084
0 0.8 0.9335 0.046 0.079
0 0.846 0.936 0.048 0.08
0 0.893 0.9495 0.034 0.083
0 0.938 0.9545 0.042 0.085
0 0.985 0.967 0.028 0.062
1 0.504 0.171 0.3 0.33
1 0.8885 0.331 0.221 0.242
1 0.057 0.1385 0.114 0.223
4 0.4715 0.2935 0.045 0.045
4 0.6715 0.2585 0.031 0.057
