0 0.0405 0.058 0.041 0.086
0 0.0065 0.0575 0.013 0.085
0 0.145 0.1175 0.044 0.083
0 0.197 0.2325 0.044 0.083
0 0.251 0.1335 0.042 0.103
0 0.301 0.1285 0.048 0.091
0 0.3485 0.1535 0.043 0.089
0 0.4045 0.161 0.049 0.092
0 0.453 0.178 0.05 0.074
0 0.3475 0.278 0.045 0.094
0 0.298 0.2635 0.048 0.097
0 0.2485 0.2575 0.047 0.097
0 0.362 0.463 0.048 0.09
0 0.2455 0.9765 0.041 0.043
0 0.0265 0.773 0.053 0.052
0 0.034 0.6655 0.068 0.057
0 0.8455 0.244 0.105 0.062
1 0.447 0.3585 0.17 0.203
1 0.3555 0.837 0.155 0.254
1 0.0665 0.5755 0.127 0.153
1 0.721 0.3445 0.134 0.195
