0 0.1725 0.245 0.079 0.046
0 0.0335 0.298 0.067 0.048
0 0.257 0.3455 0.096 0.059
0 0.503 0.399 0.098 0.056
0 0.649 0.35 0.08 0.05
0 0.749 0.456 0.088 0.062
1 0.298 0.4955 0.09 0.161
1 0.4475 0.5325 0.125 0.191
1 0.6225 0.5665 0.073 0.159
1 0.7585 0.61 0.089 0.16
1 0.9305 0.608 0.137 0.266
1 0.594 0.8465 0.124 0.147
1 0.113 0.7595 0.152 0.281
1 0.3135 0.8295 0.099 0.165
1 0.09 0.424 0.18 0.15
1 0.1225 0.159 0.057 0.088
1 0.294 0.192 0.07 0.1
1 0.017 0.14 0.034 0.128
1 0.477 0.243 0.066 0.108
1 0.5955 0.251 0.055 0.106
1 0.7475 0.293 0.069 0.11
1 0.89 0.333 0.064 0.082
1 0.8645 0.867 0.269 0.242
