0 0.2055 0.0845 0.079 0.057
0 0.367 0.0235 0.032 0.041
0 0.1815 0.203 0.079 0.062
0 0.1865 0.2505 0.089 0.053
0 0.1555 0.388 0.101 0.078
0 0.1575 0.5335 0.081 0.083
0 0.239 0.535 0.072 0.098
0 0.2275 0.701 0.057 0.104
0 0.282 0.7095 0.058 0.093
0 0.3045 0.829 0.049 0.102
0 0.5075 0.655 0.077 0.052
0 0.535 0.54 0.072 0.052
0 0.6555 0.568 0.079 0.08
0 0.4615 0.4565 0.079 0.041
0 0.4575 0.4005 0.085 0.053
0 0.445 0.332 0.096 0.056
0 0.4125 0.256 0.079 0.05
0 0.426 0.2105 0.094 0.051
0 0.8375 0.2275 0.041 0.095
0 0.793 0.225 0.036 0.106
0 0.8965 0.2505 0.053 0.089
0 0.9425 0.2655 0.045 0.099
0 0.76 0.3965 0.08 0.085
0 0.774 0.4705 0.064 0.075
0 0.8105 0.5035 0.081 0.085
0 0.8575 0.421 0.063 0.074
0 0.906 0.452 0.066 0.082
0 0.9505 0.4685 0.063 0.071
0 0.952 0.562 0.082 0.092
0 0.983 0.5895 0.032 0.065
0 0.746 0.77 0.036 0.06
0 0.7895 0.8105 0.051 0.089
0 0.8445 0.827 0.043 0.086
0 0.9825 0.8415 0.033 0.115
1 0.4605 0.763 0.161 0.21
1 0.769 0.863 0.254 0.198
1 0.089 0.411 0.178 0.362
1 0.5125 0.0965 0.229 0.171
4 0.101 0.215 0.036 0.07
