0 0.058 0.1345 0.092 0.063
0 0.049 0.193 0.084 0.056
0 0.0375 0.2435 0.075 0.051
0 0.0335 0.302 0.067 0.05
0 0.6425 0.145 0.103 0.064
0 0.7965 0.596 0.041 0.088
0 0.715 0.937 0.048 0.086
0 0.985 0.41 0.028 0.094
0 0.9705 0.514 0.051 0.094
0 0.9435 0.633 0.047 0.096
0 0.915 0.735 0.052 0.094
0 0.8865 0.854 0.051 0.092
0 0.8515 0.971 0.039 0.054
1 0.837 0.3645 0.092 0.149
1 0.792 0.554 0.092 0.18
0 0.753 0.824 0.06 0.116
1 0.728 0.8275 0.12 0.191
1 0.929 0.8775 0.14 0.179
1 0.9785 0.6305 0.041 0.133
4 0.354 0.378 0.16 0.07
