0 0.354 0.4725 0.092 0.053
0 0.346 0.538 0.082 0.056
0 0.3575 0.593 0.079 0.048
0 0.377 0.633 0.076 0.044
0 0.3855 0.6755 0.079 0.055
0 0.403 0.726 0.082 0.06
0 0.4185 0.7675 0.081 0.059
0 0.4415 0.818 0.083 0.062
0 0.6135 0.87 0.077 0.034
0 0.6195 0.7755 0.073 0.041
0 0.601 0.7095 0.088 0.061
0 0.6625 0.611 0.077 0.088
0 0.699 0.575 0.08 0.09
0 0.8025 0.5275 0.051 0.089
0 0.868 0.512 0.04 0.092
0 0.658 0.3905 0.098 0.049
1 0.345 0.36 0.212 0.196
1 0.268 0.696 0.152 0.296
1 0.3985 0.947 0.171 0.1
1 0.9395 0.6545 0.119 0.349
1 0.76 0.84 0.198 0.274
4 0.7365 0.2905 0.061 0.039
