0 0.015 0.929 0.03 0.052
0 0.1965 0.889 0.075 0.062
0 0.421 0.8385 0.09 0.059
0 0.5265 0.8095 0.091 0.057
0 0.5255 0.019 0.043 0.034
0 0.541 0.1005 0.042 0.083
0 0.5705 0.2465 0.047 0.091
0 0.597 0.3495 0.05 0.079
0 0.6215 0.4555 0.045 0.091
0 0.85 0.8995 0.044 0.077
0 0.8685 0.9755 0.039 0.045
0 0.829 0.789 0.044 0.078
0 0.8065 0.6865 0.047 0.085
0 0.7835 0.586 0.047 0.074
0 0.761 0.4895 0.054 0.099
0 0.742 0.3975 0.04 0.077
0 0.724 0.3105 0.044 0.083
0 0.685 0.18 0.044 0.076
0 0.6705 0.086 0.047 0.088
0 0.6475 0.016 0.039 0.032
1 0.481 0.5755 0.194 0.229
1 0.2675 0.4525 0.195 0.257
1 0.433 0.173 0.212 0.346
