0 0.6615 0.4675 0.045 0.079
0 0.7195 0.459 0.043 0.074
0 0.7655 0.442 0.041 0.094
0 0.824 0.438 0.046 0.102
0 0.872 0.4255 0.046 0.083
0 0.916 0.4155 0.046 0.083
0 0.9625 0.401 0.051 0.09
0 0.797 0.66 0.048 0.094
0 0.191 0.258 0.094 0.056
0 0.5175 0.153 0.093 0.048
0 0.6505 0.145 0.089 0.054
0 0.7725 0.1085 0.079 0.053
0 0.9025 0.109 0.093 0.066
1 0.096 0.8175 0.192 0.201
1 0.05 0.6065 0.1 0.133
1 0.6485 0.4605 0.093 0.153
1 0.937 0.671 0.104 0.146
1 0.8345 0.923 0.143 0.142
1 0.957 0.898 0.078 0.134
