0 0.5285 0.039 0.037 0.074
0 0.641 0.0405 0.038 0.077
0 0.6445 0.1555 0.047 0.109
0 0.6485 0.2845 0.037 0.085
0 0.6545 0.3835 0.039 0.093
0 0.6605 0.525 0.043 0.1
0 0.6655 0.627 0.035 0.084
0 0.6675 0.7185 0.039 0.097
0 0.672 0.8335 0.036 0.093
0 0.677 0.9395 0.036 0.085
0 0.554 0.798 0.036 0.084
0 0.554 0.6485 0.042 0.101
0 0.5475 0.533 0.037 0.092
0 0.5445 0.4345 0.037 0.091
0 0.539 0.3275 0.046 0.095
0 0.5335 0.218 0.039 0.082
0 0.5315 0.1315 0.041 0.087
0 0.561 0.972 0.036 0.052
4 0.431 0.4735 0.028 0.051
4 0.4405 0.5915 0.035 0.079
4 0.4175 0.2685 0.043 0.077
4 0.764 0.193 0.038 0.08
4 0.757 0.319 0.034 0.07
4 0.7655 0.4565 0.041 0.053
4 0.771 0.5545 0.04 0.083
4 0.802 0.8705 0.028 0.071
4 0.811 0.933 0.026 0.038
