0 0.388 0.2995 0.046 0.079
0 0.439 0.295 0.04 0.09
0 0.4865 0.2875 0.037 0.087
0 0.5555 0.2935 0.041 0.097
0 0.6055 0.286 0.043 0.09
0 0.782 0.399 0.058 0.08
0 0.833 0.3825 0.054 0.085
0 0.3945 0.5205 0.065 0.075
0 0.44 0.5385 0.078 0.085
0 0.3565 0.4585 0.075 0.045
0 0.358 0.408 0.08 0.044
0 0.5985 0.924 0.041 0.094
1 0.0825 0.249 0.165 0.22
1 0.439 0.1015 0.194 0.175
1 0.6725 0.099 0.135 0.134
1 0.7 0.462 0.072 0.116
1 0.7095 0.5925 0.045 0.065
1 0.702 0.72 0.08 0.112
1 0.721 0.8725 0.086 0.095
1 0.475 0.8715 0.112 0.109
1 0.2415 0.2835 0.109 0.137
