0 0.0665 0.27 0.105 0.038
0 0.185 0.267 0.094 0.034
0 0.2945 0.377 0.095 0.05
0 0.366 0.2625 0.094 0.047
0 0.4105 0.3745 0.077 0.047
0 0.4705 0.256 0.087 0.044
0 0.5685 0.25 0.079 0.05
0 0.504 0.371 0.082 0.044
0 0.602 0.366 0.098 0.052
0 0.7425 0.2475 0.095 0.053
0 0.771 0.358 0.108 0.056
0 0.846 0.2405 0.082 0.045
0 0.9435 0.2375 0.097 0.045
0 0.922 0.351 0.104 0.058
1 0.7035 0.4375 0.095 0.133
1 0.1465 0.4435 0.131 0.179
4 0.2995 0.481 0.087 0.09
4 0.5435 0.4835 0.067 0.071
4 0.628 0.476 0.046 0.044
4 0.7605 0.472 0.063 0.064
4 0.46 0.928 0.082 0.056
4 0.582 0.9425 0.066 0.061
4 0.943 0.91 0.008 0.056
1 0.92 0.972 0.066 0.05
