0 0.565 0.096 0.034 0.09
0 0.5685 0.1975 0.039 0.099
0 0.5705 0.2955 0.035 0.077
0 0.578 0.393 0.038 0.094
0 0.579 0.5075 0.042 0.107
0 0.5805 0.6045 0.033 0.087
0 0.5895 0.7045 0.039 0.095
0 0.594 0.8935 0.042 0.095
0 0.5945 0.9815 0.037 0.033
0 0.675 0.041 0.036 0.082
0 0.6825 0.1445 0.039 0.095
0 0.6825 0.2565 0.039 0.105
0 0.6845 0.353 0.031 0.08
0 0.6885 0.4435 0.031 0.061
0 0.635 0.4175 0.034 0.091
0 0.696 0.5465 0.034 0.077
0 0.697 0.658 0.042 0.088
0 0.7 0.7755 0.034 0.083
0 0.7045 0.874 0.037 0.086
0 0.706 0.9665 0.038 0.063
4 0.807 0.184 0.044 0.186
4 0.795 0.4895 0.056 0.125
4 0.806 0.87 0.046 0.084
