0 0.503 0.1675 0.036 0.083
0 0.5035 0.2705 0.037 0.073
0 0.508 0.3615 0.034 0.079
0 0.5075 0.466 0.039 0.1
0 0.5135 0.5655 0.035 0.091
0 0.5225 0.746 0.035 0.088
0 0.523 0.8305 0.044 0.085
0 0.5285 0.932 0.033 0.09
0 0.6325 0.7245 0.039 0.097
0 0.6325 0.616 0.041 0.094
0 0.6295 0.512 0.039 0.104
0 0.625 0.3735 0.036 0.073
0 0.621 0.2875 0.042 0.085
0 0.618 0.189 0.034 0.076
0 0.6095 0.097 0.041 0.076
0 0.6465 0.9075 0.049 0.073
0 0.6605 0.956 0.075 0.052
0 0.0755 0.202 0.041 0.104
1 0.0485 0.205 0.097 0.232
1 0.4665 0.127 0.063 0.112
1 0.671 0.5225 0.128 0.125
1 0.667 0.708 0.084 0.152
1 0.681 0.919 0.098 0.126
1 0.669 0.3495 0.052 0.121
4 0.0405 0.8295 0.035 0.053
4 0.4115 0.682 0.041 0.076
4 0.425 0.8095 0.03 0.085
4 0.402 0.5705 0.024 0.075
4 0.729 0.1035 0.036 0.071
