0 0.1225 0.413 0.079 0.054
0 0.1305 0.588 0.069 0.044
0 0.127 0.6405 0.088 0.047
0 0.115 0.744 0.096 0.05
0 0.1145 0.8625 0.087 0.055
0 0.7295 0.078 0.041 0.096
0 0.7305 0.184 0.039 0.104
0 0.7335 0.288 0.035 0.092
0 0.7375 0.388 0.045 0.098
0 0.744 0.497 0.034 0.09
0 0.747 0.587 0.038 0.078
0 0.7545 0.8055 0.041 0.099
0 0.7585 0.901 0.037 0.092
0 0.758 0.977 0.036 0.042
1 0.6955 0.137 0.067 0.134
1 0.7055 0.2515 0.047 0.109
1 0.6905 0.428 0.069 0.152
1 0.698 0.5865 0.104 0.171
1 0.867 0.5395 0.108 0.225
1 0.709 0.864 0.122 0.158
1 0.8575 0.82 0.095 0.22
1 0.8795 0.959 0.063 0.054
1 0.8445 0.3045 0.081 0.159
1 0.837 0.0715 0.058 0.115
0 0.873 0.577 0.034 0.102
4 0.3005 0.94 0.037 0.074
4 0.9355 0.0415 0.019 0.053
