0 0.631 0.1195 0.036 0.085
0 0.634 0.237 0.036 0.092
0 0.6435 0.35 0.039 0.092
0 0.6395 0.4625 0.037 0.089
0 0.6465 0.563 0.037 0.088
0 0.6515 0.7245 0.043 0.109
0 0.659 0.9145 0.036 0.101
0 0.779 0.8315 0.04 0.089
0 0.66 0.986 0.034 0.024
1 0.5165 0.1815 0.101 0.191
1 0.4915 0.422 0.123 0.164
1 0.5145 0.694 0.105 0.192
1 0.73 0.306 0.11 0.136
1 0.7505 0.436 0.103 0.136
1 0.7445 0.705 0.121 0.202
1 0.7705 0.9325 0.091 0.105
4 0.4075 0.389 0.053 0.088
4 0.4105 0.287 0.047 0.05
4 0.407 0.1315 0.058 0.051
4 0.4085 0.038 0.073 0.06
4 0.424 0.6475 0.05 0.069
4 0.3595 0.5165 0.029 0.093
4 0.371 0.8055 0.026 0.041
1 0.7835 0.068 0.151 0.13
1 0.542 0.8385 0.084 0.127
