0 0.612 0.228 0.096 0.044
0 0.62 0.1285 0.102 0.049
0 0.611 0.078 0.096 0.05
0 0.6095 0.0215 0.093 0.039
0 0.62 0.42 0.09 0.044
0 0.6325 0.528 0.093 0.048
0 0.648 0.632 0.102 0.05
0 0.8 0.622 0.034 0.1
0 0.8705 0.5445 0.081 0.037
0 0.8855 0.8415 0.073 0.047
1 0.683 0.864 0.144 0.248
1 0.8525 0.649 0.199 0.252
1 0.9385 0.9585 0.121 0.077
1 0.9205 0.172 0.157 0.334
1 0.965 0.4325 0.068 0.097
4 0.3195 0.4615 0.037 0.057
4 0.3065 0.378 0.031 0.06
4 0.4345 0.1925 0.089 0.097
4 0.4565 0.51 0.051 0.07
4 0.5135 0.508 0.045 0.062
4 0.433 0.6075 0.062 0.087
4 0.3075 0.6315 0.055 0.113
4 0.299 0.1425 0.066 0.045
4 0.3195 0.8985 0.047 0.103
