0 0.353 0.2535 0.092 0.059
0 0.1665 0.7005 0.079 0.043
0 0.5245 0.8215 0.117 0.055
0 0.4475 0.9685 0.089 0.051
1 0.3215 0.356 0.185 0.286
1 0.3125 0.0935 0.149 0.163
1 0.6275 0.0855 0.123 0.153
1 0.8245 0.8245 0.307 0.223
1 0.1835 0.6965 0.213 0.325
4 0.2325 0.784 0.029 0.056
4 0.1835 0.854 0.041 0.062
4 0.2245 0.9035 0.037 0.065
4 0.327 0.93 0.042 0.044
4 0.334 0.972 0.026 0.028
4 0.619 0.759 0.02 0.026
4 0.6505 0.765 0.019 0.026
4 0.695 0.7525 0.018 0.035
4 0.728 0.749 0.022 0.036
4 0.5635 0.271 0.039 0.106
4 0.752 0.077 0.038 0.06
4 0.918 0.1895 0.052 0.097
