0 0.126 0.6615 0.052 0.097
0 0.177 0.68 0.048 0.086
0 0.661 0.1565 0.04 0.095
0 0.665 0.2435 0.038 0.081
0 0.6715 0.354 0.035 0.102
0 0.6735 0.4645 0.049 0.103
0 0.684 0.568 0.038 0.092
0 0.682 0.6635 0.038 0.093
0 0.692 0.859 0.05 0.118
0 0.6915 0.955 0.043 0.086
0 0.775 0.1475 0.04 0.099
0 0.782 0.266 0.04 0.088
0 0.7895 0.426 0.035 0.102
0 0.794 0.5685 0.038 0.091
0 0.7965 0.6565 0.039 0.079
0 0.7995 0.757 0.039 0.098
0 0.806 0.8695 0.052 0.127
0 0.8105 0.975 0.037 0.04
1 0.159 0.1005 0.09 0.143
1 0.615 0.1505 0.052 0.131
1 0.6315 0.309 0.065 0.124
1 0.8255 0.3925 0.073 0.107
1 0.9275 0.1105 0.087 0.155
1 0.0405 0.8445 0.081 0.165
4 0.5275 0.252 0.031 0.05
4 0.021 0.193 0.042 0.108
4 0.9 0.652 0.044 0.318
4 0.9535 0.775 0.091 0.056
4 0.948 0.257 0.044 0.07
4 0.9035 0.898 0.021 0.168
