0 0.167 0.247 0.09 0.056
0 0.061 0.2275 0.066 0.041
0 0.26 0.2685 0.074 0.043
0 0.3445 0.2795 0.085 0.041
0 0.4645 0.29 0.069 0.092
0 0.6925 0.351 0.093 0.064
0 0.9525 0.4055 0.083 0.051
0 0.939 0.568 0.086 0.068
0 0.684 0.5145 0.086 0.049
0 0.5875 0.49 0.079 0.046
0 0.4835 0.465 0.089 0.044
0 0.3775 0.448 0.085 0.054
0 0.28 0.426 0.082 0.056
0 0.1855 0.4025 0.089 0.051
0 0.092 0.3765 0.084 0.061
0 0.0125 0.3645 0.025 0.045
1 0.0385 0.234 0.077 0.198
1 0.4065 0.3165 0.159 0.203
1 0.884 0.4325 0.12 0.181
1 0.2055 0.8285 0.307 0.271
1 0.8975 0.8965 0.189 0.147
4 0.04 0.829 0.08 0.052
