0 0.2105 0.171 0.047 0.094
0 0.2145 0.282 0.055 0.096
0 0.1735 0.365 0.065 0.08
0 0.08 0.435 0.074 0.068
0 0.016 0.451 0.032 0.058
0 0.0685 0.022 0.075 0.044
0 0.1545 0.0775 0.073 0.085
0 0.3185 0.0415 0.055 0.083
0 0.4685 0.2675 0.099 0.051
0 0.824 0.254 0.076 0.042
0 0.842 0.142 0.084 0.036
0 0.9685 0.1325 0.061 0.047
0 0.98 0.2455 0.038 0.041
0 0.8495 0.6215 0.041 0.097
0 0.891 0.85 0.04 0.1
0 0.9365 0.8355 0.037 0.097
0 0.9855 0.8545 0.027 0.097
1 0.4855 0.638 0.487 0.628
1 0.38 0.1205 0.15 0.207
1 0.6295 0.1405 0.171 0.257
1 0.8535 0.353 0.089 0.156
1 0.9745 0.4835 0.049 0.165
1 0.0705 0.329 0.141 0.352
4 0.385 0.897 0.052 0.072
4 0.9115 0.6175 0.051 0.061
4 0.953 0.9525 0.048 0.077
