0 0.8075 0.2275 0.043 0.105
0 0.8535 0.329 0.033 0.092
0 0.9015 0.2465 0.077 0.055
0 0.8455 0.0445 0.039 0.089
0 0.862 0.4335 0.038 0.107
0 0.863 0.532 0.04 0.086
0 0.865 0.6365 0.04 0.089
0 0.871 0.743 0.04 0.1
0 0.876 0.856 0.036 0.082
0 0.8105 0.7085 0.071 0.271
0 0.75 0.567 0.038 0.106
0 0.7565 0.6815 0.035 0.093
0 0.7565 0.7815 0.037 0.077
0 0.769 0.9625 0.036 0.071
0 0.0945 0.917 0.077 0.06
1 0.195 0.4875 0.176 0.233
1 0.191 0.837 0.194 0.192
1 0.747 0.342 0.088 0.146
1 0.89 0.1055 0.098 0.109
1 0.9155 0.362 0.117 0.174
1 0.8855 0.5275 0.085 0.115
1 0.891 0.664 0.074 0.076
1 0.9005 0.8245 0.093 0.131
1 0.069 0.05 0.112 0.096
4 0.259 0.6575 0.042 0.065
4 0.161 0.6895 0.046 0.133
4 0.952 0.0565 0.022 0.113
