0 0.1605 0.4285 0.091 0.047
0 0.0505 0.4115 0.081 0.049
0 0.04 0.5695 0.08 0.059
0 0.3555 0.6355 0.087 0.057
0 0.281 0.5985 0.046 0.101
0 0.228 0.5585 0.044 0.097
0 0.4275 0.486 0.087 0.1
0 0.6005 0.4135 0.041 0.089
0 0.5935 0.315 0.039 0.074
0 0.59 0.2095 0.04 0.095
0 0.5865 0.027 0.037 0.054
0 0.6445 0.1515 0.037 0.109
0 0.702 0.121 0.036 0.072
0 0.6925 0.034 0.039 0.068
0 0.705 0.2245 0.04 0.089
0 0.7105 0.3835 0.037 0.101
0 0.9375 0.617 0.085 0.048
0 0.9 0.6705 0.082 0.053
0 0.8195 0.786 0.085 0.068
0 0.9415 0.7775 0.099 0.067
0 0.7435 0.8715 0.049 0.087
0 0.732 0.9775 0.044 0.039
0 0.604 0.842 0.04 0.08
0 0.6155 0.931 0.039 0.092
0 0.2745 0.4645 0.061 0.043
1 0.37 0.4235 0.12 0.191
1 0.205 0.5735 0.178 0.161
1 0.0415 0.454 0.083 0.154
1 0.8585 0.9345 0.111 0.121
1 0.7485 0.184 0.079 0.126
1 0.56 0.144 0.068 0.094
4 0.483 0.202 0.038 0.122
1 0.824 0.1585 0.066 0.257
