0 0.706 0.3735 0.036 0.075
0 0.7115 0.4825 0.045 0.109
0 0.7245 0.7425 0.041 0.097
0 0.8325 0.6345 0.039 0.101
0 0.8385 0.7335 0.035 0.097
0 0.84 0.8415 0.038 0.097
0 0.8415 0.9435 0.047 0.089
0 0.8235 0.41 0.037 0.094
0 0.819 0.299 0.036 0.098
0 0.817 0.2065 0.04 0.081
0 0.8145 0.111 0.043 0.092
0 0.8075 0.022 0.043 0.044
0 0.692 0.0675 0.04 0.105
0 0.7005 0.1765 0.037 0.107
0 0.7 0.2775 0.042 0.077
1 0.069 0.7525 0.138 0.095
1 0.055 0.905 0.11 0.1
1 0.032 0.4325 0.064 0.139
1 0.5675 0.379 0.111 0.238
1 0.572 0.68 0.12 0.198
1 0.6655 0.528 0.071 0.084
1 0.6935 0.722 0.075 0.1
1 0.7065 0.857 0.101 0.104
1 0.86 0.4445 0.08 0.103
1 0.834 0.3075 0.102 0.089
1 0.8375 0.1095 0.077 0.117
1 0.856 0.7565 0.096 0.109
4 0.6025 0.4115 0.021 0.039
4 0.948 0.267 0.032 0.044
4 0.954 0.336 0.034 0.054
4 0.945 0.398 0.042 0.048
4 0.9365 0.204 0.077 0.03
4 0.9445 0.8955 0.037 0.175
