0 0.408 0.286 0.042 0.1
0 0.4005 0.137 0.037 0.092
0 0.5045 0.087 0.039 0.086
0 0.5225 0.5305 0.043 0.101
0 0.418 0.471 0.036 0.092
0 0.418 0.5705 0.036 0.097
0 0.425 0.7505 0.036 0.091
0 0.429 0.8365 0.036 0.081
0 0.538 0.971 0.036 0.054
0 0.3945 0.035 0.035 0.066
0 0.282 0.9795 0.09 0.035
0 0.1965 0.926 0.089 0.058
0 0.1705 0.983 0.091 0.03
1 0.663 0.493 0.164 0.178
1 0.525 0.3165 0.076 0.127
1 0.3785 0.873 0.159 0.208
1 0.638 0.9045 0.106 0.169
4 0.3055 0.579 0.101 0.156
4 0.3165 0.7775 0.063 0.055
4 0.658 0.626 0.028 0.044
4 0.6065 0.6375 0.025 0.041
4 0.601 0.5735 0.018 0.037
4 0.623 0.877 0.03 0.05
4 0.2975 0.2555 0.041 0.045
4 0.265 0.291 0.036 0.038
4 0.2685 0.332 0.025 0.04
4 0.307 0.3455 0.038 0.035
