0 0.502 0.055 0.038 0.104
0 0.6105 0.0725 0.039 0.087
0 0.62 0.199 0.036 0.096
0 0.6255 0.387 0.039 0.1
0 0.6265 0.514 0.037 0.094
0 0.5265 0.4985 0.037 0.083
0 0.525 0.647 0.036 0.104
0 0.5365 0.807 0.037 0.098
0 0.5385 0.9115 0.033 0.083
0 0.539 0.977 0.034 0.042
0 0.5125 0.2955 0.037 0.107
1 0.626 0.0955 0.162 0.175
1 0.6535 0.661 0.095 0.19
1 0.6625 0.91 0.149 0.152
1 0.476 0.8365 0.156 0.191
4 0.4225 0.338 0.043 0.14
4 0.4575 0.135 0.027 0.068
4 0.3985 0.0655 0.037 0.059
4 0.416 0.687 0.032 0.078
4 0.759 0.658 0.07 0.072
4 0.7755 0.8915 0.033 0.089
4 0.72 0.342 0.044 0.082
4 0.7175 0.231 0.049 0.086
4 0.705 0.4385 0.024 0.033
4 0.7185 0.54 0.033 0.076
