0 0.158 0.3775 0.09 0.047
0 0.2465 0.393 0.079 0.062
0 0.3105 0.1015 0.051 0.109
0 0.407 0.418 0.084 0.056
0 0.2815 0.535 0.085 0.05
0 0.1855 0.518 0.085 0.05
0 0.069 0.456 0.078 0.05
0 0.445 0.876 0.096 0.058
0 0.456 0.74 0.09 0.058
0 0.677 0.609 0.084 0.062
0 0.7865 0.4885 0.069 0.037
0 0.685 0.4735 0.072 0.049
0 0.584 0.4475 0.09 0.059
0 0.9255 0.493 0.079 0.094
0 0.8175 0.8025 0.089 0.081
0 0.801 0.7375 0.07 0.077
0 0.483 0.542 0.078 0.038
1 0.062 0.4825 0.124 0.221
1 0.34 0.5965 0.148 0.165
1 0.598 0.5305 0.162 0.177
1 0.6335 0.723 0.161 0.16
1 0.607 0.9 0.194 0.142
1 0.8805 0.595 0.231 0.334
1 0.203 0.1805 0.092 0.129
1 0.06 0.176 0.12 0.156
4 0.373 0.3025 0.034 0.063
4 0.4455 0.118 0.025 0.102
4 0.901 0.062 0.04 0.078
