0 0.017 0.323 0.034 0.072
0 0.0825 0.416 0.081 0.072
0 0.1605 0.2655 0.087 0.081
0 0.4925 0.7325 0.069 0.085
0 0.4265 0.7935 0.073 0.077
0 0.205 0.9565 0.062 0.065
0 0.1685 0.9755 0.065 0.045
0 0.637 0.611 0.07 0.094
0 0.7835 0.4945 0.067 0.085
0 0.8255 0.459 0.067 0.086
0 0.8555 0.43 0.075 0.1
0 0.9795 0.315 0.039 0.074
0 0.9815 0.5265 0.035 0.073
0 0.897 0.607 0.084 0.082
0 0.798 0.7035 0.096 0.075
0 0.738 0.833 0.084 0.086
0 0.7055 0.8725 0.067 0.071
0 0.6255 0.9335 0.083 0.073
0 0.5745 0.9565 0.067 0.077
1 0.6415 0.56 0.159 0.2
1 0.8045 0.397 0.121 0.204
1 0.951 0.3015 0.096 0.159
1 0.4895 0.664 0.083 0.178
1 0.335 0.798 0.098 0.196
1 0.195 0.9145 0.138 0.155
4 0.8985 0.968 0.063 0.058
