0 0.4825 0.936 0.045 0.092
0 0.608 0.8395 0.098 0.057
0 0.618 0.8875 0.084 0.059
0 0.5895 0.531 0.039 0.09
0 0.846 0.508 0.098 0.076
0 0.9385 0.6375 0.087 0.083
0 0.9635 0.68 0.071 0.072
1 0.809 0.168 0.122 0.176
1 0.7035 0.411 0.197 0.216
1 0.718 0.668 0.152 0.192
1 0.1245 0.8145 0.249 0.277
1 0.3835 0.3525 0.087 0.131
1 0.954 0.2045 0.09 0.185
4 0.319 0.4845 0.048 0.065
4 0.1325 0.2065 0.087 0.037
4 0.2535 0.1935 0.029 0.061
4 0.0695 0.1195 0.067 0.031
4 0.716 0.174 0.048 0.078
4 0.848 0.2755 0.046 0.063
4 0.839 0.334 0.046 0.062
4 0.841 0.671 0.082 0.198
4 0.9145 0.755 0.033 0.058
4 0.9155 0.8335 0.041 0.069
4 0.215 0.85 0.028 0.024
4 0.203 0.9105 0.03 0.039
