2 0.5859375 0.404296875 0.4453125 0.44921875
0 0.259765625 0.177734375 0.04296875 0.05859375
0 0.2421875 0.208984375 0.0546875 0.05859375
0 0.228515625 0.228515625 0.05078125 0.04296875
0 0.2109375 0.2421875 0.0546875 0.0625
0 0.181640625 0.26953125 0.06640625 0.0546875
0 0.177734375 0.298828125 0.05078125 0.05078125
0 0.158203125 0.31640625 0.06640625 0.0625
0 0.1328125 0.328125 0.046875 0.0546875
0 0.126953125 0.357421875 0.04296875 0.05859375
0 0.109375 0.37890625 0.046875 0.0703125
0 0.09375 0.396484375 0.0390625 0.05078125
0 0.068359375 0.416015625 0.03515625 0.05078125
0 0.0546875 0.43359375 0.046875 0.0703125
0 0.015625 0.4375 0.03125 0.0546875
