0 0.1295 0.313 0.053 0.084
0 0.178 0.329 0.066 0.08
0 0.243 0.3645 0.082 0.129
0 0.296 0.3785 0.07 0.107
0 0.4035 0.4015 0.051 0.093
0 0.4595 0.4225 0.065 0.107
0 0.3385 0.544 0.099 0.074
0 0.2965 0.609 0.109 0.062
0 0.5395 0.1955 0.041 0.059
0 0.6365 0.036 0.077 0.056
0 0.081 0.0435 0.058 0.071
0 0.0275 0.0285 0.045 0.041
0 0.529 0.017 0.082 0.034
1 0.671 0.336 0.136 0.146
1 0.4685 0.6675 0.233 0.189
1 0.3485 0.91 0.203 0.174
1 0.8335 0.5985 0.159 0.193
1 0.942 0.2395 0.11 0.161
1 0.76 0.943 0.204 0.104
