1 0.163 0.2365 0.208 0.217
1 0.386 0.6075 0.188 0.147
1 0.298 0.9175 0.176 0.161
1 0.757 0.464 0.202 0.31
1 0.6955 0.838 0.181 0.304
1 0.527 0.087 0.17 0.158
0 0.7255 0.0195 0.039 0.029
0 0.569 0.3525 0.052 0.087
0 0.638 0.381 0.058 0.112
0 0.538 0.8065 0.062 0.115
0 0.228 0.7635 0.076 0.073
0 0.4245 0.0175 0.075 0.031
0 0.395 0.0445 0.08 0.069
0 0.387 0.1085 0.088 0.089
0 0.3735 0.151 0.081 0.082
0 0.3635 0.207 0.079 0.076
0 0.3495 0.2675 0.075 0.085
0 0.332 0.3145 0.086 0.101
0 0.3005 0.4245 0.085 0.087
0 0.249 0.6535 0.086 0.073
0 0.203 0.8695 0.076 0.077
0 0.1855 0.9615 0.075 0.057
1 0.05 0.788 0.098 0.174
1 0.7705 0.1815 0.171 0.225
