0 0.0885 0.593 0.097 0.044
0 0.0825 0.642 0.089 0.044
0 0.074 0.6925 0.09 0.037
0 0.0715 0.7385 0.099 0.047
0 0.8785 0.0845 0.045 0.087
0 0.872 0.179 0.046 0.082
0 0.855 0.2695 0.054 0.085
0 0.8445 0.3725 0.047 0.087
0 0.835 0.4685 0.046 0.095
0 0.805 0.69 0.046 0.1
0 0.7975 0.801 0.047 0.072
0 0.779 0.8975 0.042 0.077
0 0.775 0.973 0.04 0.044
1 0.196 0.4525 0.198 0.251
1 0.267 0.2255 0.13 0.151
1 0.432 0.1815 0.128 0.173
1 0.542 0.186 0.104 0.19
1 0.677 0.233 0.096 0.148
1 0.652 0.4255 0.108 0.183
1 0.919 0.494 0.16 0.222
1 0.942 0.805 0.114 0.236
1 0.0465 0.8655 0.093 0.257
1 0.043 0.3555 0.086 0.293
