0 0.0145 0.44 0.027 0.042
0 0.0255 0.5655 0.051 0.049
0 0.2865 0.532 0.109 0.07
0 0.2905 0.6505 0.093 0.061
0 0.465 0.5865 0.096 0.067
0 0.3995 0.6845 0.099 0.069
0 0.576 0.6245 0.076 0.061
0 0.665 0.6495 0.096 0.073
0 0.7615 0.6875 0.097 0.065
0 0.9325 0.731 0.093 0.054
0 0.901 0.8485 0.096 0.063
0 0.9715 0.8685 0.051 0.053
0 0.6765 0.772 0.095 0.074
0 0.5665 0.736 0.079 0.058
0 0.494 0.7155 0.064 0.053
1 0.5315 0.5185 0.059 0.103
1 0.298 0.4385 0.068 0.091
1 0.733 0.552 0.084 0.112
1 0.6635 0.8795 0.155 0.101
1 0.0265 0.3615 0.053 0.109
