0 0.9245 0.541 0.049 0.086
0 0.9645 0.6295 0.053 0.097
0 0.9545 0.7545 0.047 0.115
0 0.9275 0.935 0.065 0.124
0 0.9825 0.3935 0.029 0.089
0 0.644 0.3245 0.096 0.051
0 0.64 0.3855 0.11 0.061
0 0.6225 0.5545 0.089 0.053
0 0.617 0.6045 0.11 0.057
0 0.6255 0.6825 0.077 0.049
0 0.4045 0.574 0.055 0.092
0 0.306 0.528 0.058 0.096
0 0.252 0.4885 0.068 0.095
0 0.191 0.4775 0.062 0.107
0 0.0935 0.477 0.067 0.092
0 0.045 0.4685 0.056 0.105
0 0.007 0.4615 0.014 0.107
0 0.141 0.91 0.052 0.102
0 0.478 0.3505 0.054 0.095
0 0.417 0.3395 0.046 0.087
0 0.3735 0.3195 0.073 0.107
0 0.2835 0.309 0.067 0.108
0 0.17 0.27 0.06 0.092
0 0.115 0.2615 0.058 0.105
0 0.0675 0.2355 0.053 0.089
0 0.0195 0.2155 0.033 0.099
0 0.5555 0.187 0.053 0.1
0 0.4565 0.1535 0.071 0.097
0 0.2885 0.0805 0.049 0.085
0 0.2205 0.0595 0.051 0.095
0 0.1705 0.0535 0.053 0.091
0 0.0525 0.032 0.051 0.064
1 0.1235 0.568 0.247 0.256
1 0.6675 0.634 0.155 0.158
1 0.3775 0.0875 0.151 0.175
1 0.6605 0.1635 0.157 0.157
