0 0.2915 0.395 0.047 0.058
0 0.2295 0.2635 0.067 0.081
0 0.255 0.1355 0.068 0.093
0 0.351 0.347 0.064 0.094
0 0.4015 0.459 0.069 0.092
0 0.368 0.55 0.064 0.094
0 0.4605 0.582 0.071 0.094
0 0.4075 0.66 0.057 0.076
0 0.514 0.7055 0.066 0.091
0 0.4635 0.769 0.063 0.09
0 0.51 0.893 0.066 0.086
0 0.549 0.976 0.044 0.042
0 0.639 0.981 0.048 0.034
0 0.961 0.0925 0.068 0.069
0 0.9025 0.0165 0.051 0.027
1 0.0645 0.3675 0.067 0.121
1 0.136 0.3485 0.07 0.095
1 0.231 0.112 0.25 0.214
1 0.0755 0.835 0.151 0.288
1 0.839 0.769 0.27 0.368
