0 0.307 0.2685 0.096 0.071
0 0.0795 0.1105 0.083 0.043
0 0.177 0.1225 0.098 0.053
0 0.3065 0.1335 0.099 0.063
0 0.4205 0.1545 0.109 0.051
0 0.534 0.1535 0.084 0.059
0 0.634 0.163 0.094 0.046
0 0.8745 0.17 0.093 0.056
0 0.9655 0.177 0.061 0.048
0 0.531 0.4415 0.104 0.045
0 0.516 0.5635 0.096 0.051
0 0.5105 0.614 0.107 0.056
0 0.5125 0.765 0.089 0.054
0 0.4375 0.2085 0.095 0.045
1 0.1825 0.536 0.365 0.422
1 0.6825 0.35 0.117 0.18
1 0.6325 0.7325 0.183 0.215
1 0.8395 0.1055 0.261 0.189
1 0.5115 0.0505 0.073 0.101
1 0.6235 0.046 0.079 0.08
