0 0.2515 0.078 0.097 0.048
0 0.246 0.131 0.112 0.052
0 0.234 0.182 0.1 0.04
0 0.2265 0.2395 0.103 0.047
0 0.5195 0.0945 0.057 0.105
0 0.5315 0.1915 0.061 0.099
0 0.6545 0.1295 0.055 0.095
0 0.555 0.4115 0.042 0.083
0 0.664 0.441 0.046 0.082
0 0.7585 0.462 0.049 0.102
0 0.8085 0.475 0.043 0.074
0 0.8655 0.5555 0.083 0.047
0 0.9605 0.491 0.077 0.052
0 0.588 0.755 0.084 0.052
0 0.5765 0.806 0.095 0.054
1 0.0875 0.359 0.167 0.192
1 0.877 0.714 0.144 0.146
1 0.8855 0.938 0.223 0.118
1 0.86 0.422 0.122 0.188
1 0.9615 0.3715 0.075 0.171
