0 0.0665 0.4925 0.093 0.065
0 0.2665 0.4805 0.081 0.045
0 0.253 0.532 0.08 0.044
0 0.249 0.581 0.102 0.042
0 0.2305 0.6265 0.087 0.055
0 0.2275 0.674 0.081 0.05
0 0.22 0.725 0.094 0.058
0 0.4215 0.3535 0.089 0.035
0 0.4215 0.405 0.087 0.04
0 0.415 0.449 0.1 0.042
0 0.4145 0.495 0.085 0.034
0 0.4155 0.5395 0.101 0.045
0 0.4185 0.5825 0.101 0.035
0 0.421 0.6295 0.088 0.039
0 0.42 0.6805 0.1 0.053
0 0.4235 0.818 0.093 0.04
0 0.5875 0.352 0.091 0.062
0 0.636 0.399 0.084 0.048
0 0.632 0.496 0.084 0.038
0 0.633 0.582 0.098 0.044
0 0.642 0.662 0.086 0.04
0 0.642 0.717 0.08 0.04
0 0.635 0.76 0.088 0.038
0 0.6385 0.811 0.107 0.044
0 0.6545 0.8645 0.083 0.033
0 0.6425 0.9115 0.091 0.033
0 0.7765 0.3635 0.077 0.035
0 0.785 0.4625 0.08 0.049
0 0.789 0.512 0.084 0.04
0 0.784 0.564 0.086 0.042
0 0.7735 0.6095 0.089 0.041
0 0.775 0.6965 0.086 0.041
0 0.7715 0.7475 0.055 0.031
0 0.773 0.7925 0.08 0.037
0 0.7825 0.8365 0.097 0.047
0 0.9785 0.4765 0.041 0.037
0 0.966 0.658 0.06 0.048
0 0.974 0.7985 0.05 0.041
0 0.969 0.9415 0.06 0.037
0 0.157 0.0225 0.044 0.045
0 0.2185 0.03 0.043 0.06
0 0.273 0.033 0.044 0.062
0 0.5705 0.1025 0.041 0.085
1 0.1345 0.3685 0.185 0.207
1 0.3125 0.4025 0.131 0.257
1 0.132 0.953 0.264 0.088
