0 0.0415 0.6235 0.049 0.097
0 0.0955 0.6 0.047 0.09
0 0.15 0.6095 0.04 0.095
0 0.06 0.8585 0.04 0.059
0 0.1065 0.8415 0.051 0.097
0 0.154 0.814 0.05 0.102
0 0.2635 0.7935 0.067 0.095
0 0.1705 0.945 0.053 0.09
0 0.4325 0.4135 0.097 0.045
0 0.5065 0.377 0.099 0.062
0 0.5395 0.336 0.091 0.054
0 0.6065 0.255 0.063 0.078
0 0.6515 0.2815 0.059 0.089
0 0.726 0.039 0.082 0.052
0 0.8215 0.066 0.049 0.096
0 0.8705 0.0405 0.059 0.077
1 0.284 0.5595 0.25 0.227
1 0.3385 0.925 0.167 0.14
1 0.4915 0.9585 0.105 0.077
1 0.9195 0.736 0.159 0.252
1 0.7015 0.9115 0.087 0.089
1 0.517 0.0665 0.15 0.115
1 0.028 0.118 0.056 0.066
