0 0.415 0.44 0.038 0.084
0 0.021 0.663 0.042 0.036
0 0.02 0.723 0.04 0.048
0 0.0735 0.7985 0.095 0.055
0 0.1225 0.735 0.089 0.052
0 0.1045 0.6725 0.099 0.047
0 0.2135 0.6765 0.093 0.051
0 0.247 0.736 0.102 0.064
0 0.37 0.727 0.092 0.03
0 0.5385 0.714 0.109 0.046
0 0.6515 0.6975 0.093 0.053
0 0.775 0.6715 0.102 0.059
0 0.8985 0.6345 0.093 0.059
0 0.315 0.807 0.088 0.048
1 0.484 0.2895 0.184 0.195
1 0.7155 0.259 0.143 0.218
1 0.5055 0.085 0.133 0.148
1 0.4645 0.512 0.097 0.108
1 0.658 0.5445 0.106 0.145
1 0.8085 0.5045 0.133 0.113
1 0.947 0.4145 0.104 0.205
1 0.0905 0.8835 0.123 0.091
