0 0.31 0.438 0.092 0.054
0 0.3385 0.476 0.073 0.042
0 0.3665 0.53 0.101 0.07
0 0.429 0.599 0.094 0.05
0 0.2655 0.7445 0.063 0.087
0 0.059 0.2705 0.076 0.087
0 0.635 0.8495 0.094 0.051
0 0.726 0.935 0.082 0.05
0 0.822 0.959 0.048 0.076
0 0.862 0.94 0.05 0.09
0 0.9545 0.8755 0.059 0.095
0 0.795 0.163 0.078 0.076
0 0.852 0.234 0.088 0.08
0 0.883 0.263 0.09 0.082
0 0.9715 0.03 0.055 0.06
0 0.496 0.016 0.044 0.032
1 0.055 0.385 0.08 0.072
1 0.13 0.4755 0.148 0.141
1 0.5275 0.9445 0.115 0.107
0 0.014 0.4115 0.028 0.079
1 0.1075 0.135 0.215 0.242
1 0.323 0.155 0.122 0.168
1 0.684 0.0635 0.19 0.121
0 0.6835 0.8935 0.093 0.059
