0 0.034 0.246 0.064 0.05
0 0.119 0.2285 0.072 0.049
0 0.212 0.204 0.086 0.056
0 0.316 0.1805 0.09 0.057
0 0.561 0.1225 0.088 0.057
0 0.6685 0.096 0.083 0.052
0 0.7665 0.078 0.081 0.052
0 0.85 0.056 0.072 0.048
0 0.94 0.033 0.084 0.052
0 0.688 0.5535 0.078 0.071
0 0.8055 0.5455 0.059 0.087
0 0.857 0.5615 0.042 0.077
0 0.8985 0.5935 0.047 0.087
0 0.8765 0.8135 0.091 0.089
0 0.9375 0.888 0.069 0.066
0 0.97 0.9175 0.058 0.069
0 0.51 0.8945 0.082 0.077
0 0.442 0.808 0.088 0.09
1 0.1085 0.9575 0.217 0.079
1 0.318 0.965 0.092 0.066
1 0.6975 0.8735 0.233 0.249
1 0.3595 0.487 0.311 0.572
1 0.5995 0.278 0.071 0.156
