0 0.0085 0.4055 0.017 0.035
0 0.077 0.3915 0.082 0.053
0 0.206 0.47 0.088 0.064
0 0.204 0.352 0.09 0.062
0 0.3165 0.3225 0.087 0.057
0 0.416 0.297 0.09 0.058
0 0.5285 0.2635 0.091 0.055
0 0.636 0.2325 0.08 0.057
0 0.741 0.2065 0.1 0.059
0 0.8465 0.1715 0.099 0.059
0 0.959 0.1375 0.08 0.057
0 0.9445 0.3355 0.081 0.049
0 0.8135 0.379 0.097 0.062
0 0.658 0.341 0.088 0.054
0 0.689 0.4195 0.052 0.087
0 0.5905 0.44 0.091 0.054
0 0.435 0.49 0.088 0.06
0 0.2705 0.534 0.091 0.062
0 0.167 0.5575 0.096 0.055
1 0.1415 0.59 0.097 0.158
1 0.3355 0.5465 0.081 0.115
1 0.635 0.536 0.116 0.236
1 0.8715 0.586 0.255 0.346
1 0.785 0.898 0.256 0.192
1 0.383 0.244 0.138 0.15
1 0.021 0.6675 0.042 0.203
