0 0.067 0.058 0.048 0.082
0 0.173 0.021 0.042 0.038
0 0.1905 0.097 0.043 0.084
0 0.1015 0.218 0.051 0.102
0 0.22 0.2405 0.058 0.097
0 0.169 0.5925 0.052 0.105
0 0.264 0.4825 0.042 0.089
0 0.289 0.5775 0.044 0.085
0 0.3005 0.6615 0.045 0.075
0 0.2115 0.7945 0.049 0.097
0 0.2325 0.8995 0.051 0.097
0 0.65 0.802 0.066 0.078
0 0.7035 0.78 0.075 0.076
0 0.0125 0.5965 0.023 0.085
1 0.2895 0.3945 0.161 0.221
0 0.388 0.3245 0.03 0.069
1 0.52 0.808 0.146 0.17
1 0.7075 0.8085 0.171 0.131
1 0.846 0.726 0.1 0.124
1 0.985 0.29 0.028 0.132
