0 0.9685 0.392 0.061 0.058
0 0.8735 0.418 0.079 0.05
0 0.754 0.4565 0.094 0.057
0 0.6485 0.484 0.083 0.058
0 0.4275 0.541 0.103 0.066
0 0.337 0.567 0.082 0.06
0 0.838 0.545 0.084 0.054
0 0.841 0.6155 0.088 0.057
0 0.7155 0.652 0.097 0.064
0 0.6105 0.674 0.079 0.054
0 0.559 0.6185 0.082 0.057
0 0.492 0.7005 0.09 0.057
0 0.344 0.6815 0.074 0.059
0 0.2735 0.7535 0.107 0.065
0 0.0215 0.7735 0.043 0.041
1 0.865 0.629 0.072 0.106
1 0.9855 0.621 0.027 0.114
1 0.881 0.718 0.098 0.092
1 0.7965 0.7465 0.071 0.083
1 0.6345 0.7955 0.091 0.085
1 0.5365 0.884 0.099 0.222
1 0.7505 0.402 0.057 0.1
1 0.02 0.593 0.04 0.112
