0 0.0545 0.6415 0.067 0.079
0 0.0795 0.8395 0.075 0.091
0 0.3095 0.522 0.103 0.13
0 0.4715 0.2245 0.063 0.097
0 0.477 0.4865 0.066 0.083
0 0.4195 0.572 0.073 0.09
0 0.302 0.7325 0.056 0.081
0 0.759 0.9055 0.074 0.085
0 0.7975 0.9335 0.067 0.077
0 0.8345 0.956 0.073 0.082
1 0.1975 0.236 0.125 0.224
1 0.3365 0.1015 0.181 0.181
1 0.607 0.427 0.07 0.1
1 0.675 0.347 0.058 0.128
1 0.809 0.2405 0.162 0.109
1 0.3625 0.631 0.067 0.1
1 0.265 0.7645 0.092 0.095
1 0.9755 0.4145 0.047 0.181
0 0.115 0.353 0.056 0.074
0 0.0615 0.438 0.055 0.074
0 0.0195 0.5065 0.039 0.085
