0 0.112 0.2525 0.084 0.077
0 0.2435 0.0545 0.075 0.105
0 0.132 0.048 0.058 0.092
0 0.6355 0.031 0.051 0.062
0 0.744 0.0705 0.048 0.097
0 0.8405 0.19 0.107 0.256
0 0.797 0.3285 0.046 0.105
0 0.7595 0.179 0.049 0.094
0 0.8905 0.461 0.053 0.092
0 0.8595 0.5995 0.061 0.125
0 0.9455 0.721 0.051 0.09
0 0.903 0.8015 0.058 0.109
0 0.5465 0.6775 0.083 0.057
0 0.4825 0.703 0.085 0.068
0 0.403 0.707 0.074 0.07
0 0.05 0.774 0.064 0.08
0 0.148 0.555 0.086 0.06
0 0.27 0.44 0.102 0.064
0 0.9445 0.965 0.051 0.064
0 0.986 0.9545 0.026 0.087
1 0.0295 0.58 0.059 0.12
1 0.138 0.764 0.158 0.178
1 0.632 0.6565 0.116 0.103
1 0.94 0.4475 0.118 0.233
1 0.961 0.78 0.076 0.228
