0 0.9305 0.3745 0.071 0.077
0 0.742 0.2655 0.07 0.087
0 0.5855 0.295 0.079 0.098
0 0.5265 0.2565 0.073 0.089
0 0.4805 0.23 0.069 0.088
0 0.4465 0.1905 0.073 0.097
0 0.4785 0.473 0.069 0.084
0 0.4255 0.4405 0.063 0.095
0 0.384 0.396 0.076 0.094
0 0.287 0.3465 0.076 0.077
0 0.2415 0.317 0.071 0.098
0 0.1945 0.2875 0.061 0.091
0 0.1465 0.2575 0.063 0.081
0 0.0535 0.2085 0.071 0.089
0 0.026 0.1665 0.052 0.099
1 0.4755 0.1665 0.151 0.193
1 0.6015 0.225 0.167 0.204
1 0.9145 0.075 0.169 0.146
1 0.2985 0.77 0.107 0.118
1 0.4305 0.7325 0.097 0.127
1 0.5525 0.714 0.107 0.13
1 0.8735 0.4055 0.165 0.221
