0 0.19 0.0395 0.078 0.079
0 0.259 0.1345 0.066 0.085
0 0.309 0.095 0.066 0.094
0 0.3055 0.2355 0.063 0.077
0 0.3465 0.3445 0.059 0.091
0 0.3895 0.444 0.047 0.076
0 0.4135 0.5535 0.061 0.093
0 0.4945 0.57 0.083 0.15
0 0.4405 0.651 0.047 0.082
0 0.4935 0.795 0.055 0.102
0 0.5675 0.8565 0.067 0.117
0 0.52 0.9305 0.05 0.099
0 0.7645 0.914 0.079 0.078
0 0.961 0.8275 0.066 0.087
0 0.9685 0.705 0.059 0.088
1 0.5535 0.4945 0.191 0.245
1 0.4685 0.088 0.087 0.088
1 0.551 0.0365 0.05 0.061
1 0.5825 0.173 0.107 0.168
0 0.6205 0.254 0.103 0.07
1 0.8745 0.149 0.249 0.214
1 0.7285 0.115 0.093 0.052
1 0.269 0.439 0.06 0.106
1 0.3905 0.9615 0.097 0.065
1 0.977 0.8335 0.044 0.173
