0 0.7425 0.1735 0.047 0.087
0 0.761 0.2675 0.04 0.077
0 0.774 0.3665 0.04 0.077
0 0.793 0.4705 0.044 0.089
0 0.8055 0.5725 0.043 0.095
0 0.8485 0.758 0.141 0.082
0 0.953 0.8695 0.09 0.051
0 0.69 0.6155 0.056 0.103
0 0.672 0.5015 0.054 0.111
0 0.653 0.398 0.042 0.086
0 0.6395 0.3125 0.039 0.087
0 0.621 0.2275 0.042 0.073
0 0.606 0.1295 0.044 0.099
0 0.5925 0.0335 0.051 0.063
0 0.024 0.8795 0.046 0.077
0 0.6055 0.771 0.071 0.074
0 0.555 0.785 0.074 0.086
0 0.512 0.7925 0.064 0.077
0 0.453 0.8 0.06 0.092
0 0.3145 0.832 0.091 0.086
0 0.2465 0.8395 0.075 0.087
0 0.1935 0.847 0.071 0.078
0 0.1315 0.853 0.077 0.074
0 0.0765 0.8675 0.081 0.087
0 0.321 0.976 0.086 0.038
0 0.219 0.9845 0.096 0.025
0 0.485 0.95 0.086 0.05
0 0.616 0.923 0.09 0.046
0 0.989 0.695 0.018 0.038
1 0.1475 0.1185 0.111 0.195
1 0.663 0.664 0.072 0.17
1 0.8595 0.649 0.109 0.134
1 0.7245 0.9575 0.061 0.079
1 0.898 0.9325 0.076 0.129
