0 0.0655 0.3765 0.087 0.063
0 0.0605 0.51 0.083 0.058
0 0.1575 0.4885 0.081 0.061
0 0.2665 0.473 0.109 0.056
0 0.3655 0.451 0.079 0.06
0 0.464 0.4355 0.09 0.057
0 0.555 0.4245 0.078 0.083
0 0.655 0.4205 0.12 0.051
0 0.749 0.3795 0.094 0.055
0 0.872 0.356 0.092 0.062
0 0.974 0.3405 0.05 0.045
0 0.939 0.2185 0.094 0.065
0 0.845 0.238 0.062 0.044
0 0.7715 0.254 0.055 0.058
0 0.6935 0.2695 0.079 0.061
0 0.5935 0.2845 0.085 0.067
0 0.468 0.304 0.054 0.052
0 0.3775 0.319 0.097 0.052
0 0.262 0.347 0.082 0.062
0 0.165 0.366 0.092 0.054
1 0.4195 0.836 0.307 0.268
1 0.6755 0.817 0.121 0.2
1 0.9345 0.787 0.129 0.236
1 0.222 0.9545 0.074 0.085
