0 0.0785 0.09 0.033 0.08
0 0.079 0.1885 0.04 0.107
0 0.07 0.3065 0.038 0.095
0 0.059 0.4055 0.044 0.093
0 0.0555 0.5465 0.035 0.085
0 0.016 0.5995 0.032 0.097
0 0.038 0.752 0.04 0.088
0 0.03 0.8625 0.04 0.109
0 0.0235 0.9655 0.045 0.065
0 0.6795 0.066 0.029 0.08
0 0.7185 0.0545 0.053 0.093
0 0.7745 0.047 0.049 0.09
0 0.825 0.0355 0.064 0.071
0 0.8825 0.027 0.057 0.054
1 0.7695 0.804 0.071 0.108
1 0.9515 0.587 0.081 0.152
1 0.9135 0.2625 0.133 0.193
1 0.6795 0.3885 0.077 0.097
1 0.6415 0.922 0.203 0.128
