0 0.1745 0.038 0.043 0.076
0 0.208 0.1945 0.042 0.093
0 0.3475 0.097 0.041 0.076
0 0.364 0.215 0.042 0.094
0 0.226 0.309 0.044 0.106
0 0.2455 0.4255 0.047 0.109
0 0.389 0.322 0.05 0.094
0 0.408 0.4275 0.048 0.089
0 0.266 0.538 0.048 0.092
0 0.2815 0.6375 0.049 0.095
0 0.3025 0.738 0.047 0.088
0 0.425 0.544 0.044 0.09
0 0.439 0.6425 0.044 0.083
0 0.321 0.842 0.048 0.092
0 0.3375 0.94 0.049 0.11
0 0.496 0.9005 0.048 0.097
0 0.507 0.9725 0.044 0.051
0 0.7965 0.2725 0.109 0.057
0 0.837 0.059 0.058 0.118
0 0.724 0.4175 0.058 0.103
0 0.7505 0.524 0.051 0.104
1 0.484 0.5015 0.112 0.101
1 0.4545 0.3065 0.077 0.123
1 0.43 0.1255 0.094 0.161
1 0.6065 0.1135 0.113 0.175
1 0.638 0.2865 0.098 0.107
1 0.672 0.477 0.068 0.098
1 0.6935 0.6445 0.083 0.111
1 0.7355 0.8225 0.119 0.089
1 0.761 0.9635 0.084 0.063
1 0.5645 0.8585 0.115 0.153
1 0.53 0.6775 0.096 0.145
1 0.943 0.897 0.112 0.178
