0 0.165 0.487 0.078 0.078
0 0.4185 0.304 0.089 0.058
0 0.638 0.2625 0.082 0.053
0 0.7445 0.2425 0.093 0.047
0 0.8515 0.221 0.101 0.054
0 0.971 0.1995 0.056 0.055
0 0.8345 0.947 0.065 0.102
0 0.237 0.5995 0.036 0.089
0 0.294 0.705 0.048 0.1
0 0.31 0.8055 0.042 0.083
0 0.325 0.8985 0.046 0.079
0 0.345 0.9755 0.048 0.045
0 0.1705 0.929 0.049 0.094
0 0.154 0.8285 0.046 0.083
0 0.136 0.714 0.052 0.094
0 0.117 0.625 0.05 0.088
1 0.329 0.516 0.082 0.146
1 0.5075 0.4925 0.099 0.129
1 0.6825 0.455 0.081 0.118
1 0.871 0.4225 0.082 0.115
1 0.8995 0.607 0.075 0.118
1 0.726 0.6435 0.066 0.101
1 0.532 0.671 0.1 0.092
1 0.5765 0.851 0.091 0.098
1 0.353 0.708 0.09 0.108
1 0.3915 0.882 0.085 0.108
1 0.9655 0.082 0.067 0.148
