0 0.0535 0.0565 0.043 0.089
0 0.0715 0.1505 0.039 0.075
0 0.0825 0.2535 0.047 0.089
0 0.105 0.351 0.044 0.094
0 0.013 0.3565 0.026 0.095
0 0.021 0.453 0.042 0.096
0 0.3195 0.497 0.095 0.074
0 0.4335 0.477 0.093 0.056
0 0.531 0.457 0.084 0.058
0 0.6495 0.4375 0.099 0.073
0 0.7605 0.416 0.097 0.07
0 0.857 0.4025 0.072 0.049
0 0.96 0.3795 0.078 0.061
0 0.6735 0.559 0.087 0.052
0 0.7725 0.5445 0.091 0.061
0 0.854 0.5255 0.06 0.041
0 0.96 0.51 0.078 0.054
1 0.172 0.1405 0.194 0.179
1 0.0485 0.834 0.097 0.136
1 0.24 0.818 0.056 0.092
1 0.2605 0.9665 0.067 0.057
1 0.0605 0.9695 0.091 0.057
