0 0.3015 0.07 0.103 0.056
0 0.2805 0.133 0.059 0.048
0 0.299 0.179 0.12 0.074
0 0.319 0.2325 0.092 0.059
0 0.333 0.274 0.078 0.058
0 0.215 0.5975 0.096 0.057
0 0.0985 0.612 0.095 0.068
0 0.0275 0.673 0.055 0.048
0 0.028 0.764 0.056 0.042
0 0.1135 0.742 0.075 0.05
0 0.2585 0.7235 0.113 0.065
0 0.349 0.664 0.102 0.058
0 0.509 0.5885 0.084 0.055
0 0.4065 0.559 0.087 0.052
0 0.317 0.5725 0.09 0.065
0 0.6135 0.5255 0.087 0.059
0 0.685 0.6135 0.094 0.049
0 0.7425 0.4965 0.105 0.059
0 0.8625 0.48 0.099 0.056
1 0.02 0.177 0.04 0.2
1 0.1065 0.0545 0.061 0.067
1 0.23 0.05 0.084 0.094
1 0.0615 0.9395 0.123 0.111
1 0.1965 0.906 0.089 0.182
1 0.3795 0.9205 0.117 0.149
1 0.368 0.727 0.186 0.168
1 0.6305 0.688 0.179 0.18
1 0.594 0.8935 0.102 0.159
1 0.8275 0.8905 0.343 0.213
1 0.867 0.6475 0.152 0.193
1 0.159 0.786 0.12 0.126
1 0.9825 0.0575 0.033 0.115
