0 0.116 0.031 0.078 0.052
0 0.032 0.046 0.064 0.05
0 0.224 0.021 0.076 0.042
0 0.2655 0.47 0.091 0.056
0 0.4845 0.4145 0.069 0.051
0 0.493 0.466 0.092 0.06
0 0.0225 0.829 0.045 0.058
1 0.085 0.246 0.114 0.144
1 0.257 0.211 0.118 0.102
1 0.426 0.162 0.084 0.094
1 0.6015 0.1375 0.101 0.173
1 0.94 0.0765 0.1 0.119
1 0.9565 0.253 0.079 0.118
1 0.967 0.438 0.064 0.156
1 0.7935 0.292 0.085 0.128
1 0.8245 0.4575 0.089 0.101
1 0.8535 0.6305 0.101 0.103
1 0.8845 0.818 0.085 0.118
1 0.91 0.9595 0.098 0.071
1 0.7285 0.8835 0.115 0.121
1 0.6785 0.689 0.105 0.104
1 0.658 0.5085 0.126 0.173
1 0.6305 0.314 0.103 0.14
1 0.4535 0.335 0.155 0.116
1 0.4915 0.544 0.101 0.11
1 0.542 0.7035 0.094 0.091
1 0.5535 0.8905 0.107 0.119
1 0.987 0.6115 0.024 0.127
1 0.114 0.421 0.124 0.15
