0 0.036 0.169 0.072 0.056
0 0.032 0.0405 0.064 0.047
0 0.1325 0.027 0.087 0.054
0 0.231 0.0185 0.082 0.033
0 0.2395 0.132 0.081 0.056
0 0.123 0.153 0.088 0.052
0 0.336 0.114 0.07 0.05
0 0.4675 0.0925 0.101 0.055
0 0.5865 0.0735 0.089 0.059
0 0.694 0.0515 0.09 0.061
0 0.796 0.0325 0.064 0.043
0 0.895 0.0235 0.078 0.043
0 0.0265 0.6825 0.053 0.061
0 0.0375 0.7425 0.075 0.065
0 0.3665 0.8045 0.095 0.053
1 0.307 0.1695 0.112 0.169
1 0.076 0.1855 0.106 0.119
1 0.5335 0.1275 0.111 0.195
1 0.794 0.1065 0.12 0.177
1 0.9705 0.077 0.057 0.148
1 0.6345 0.4615 0.093 0.155
1 0.431 0.7335 0.084 0.133
1 0.398 0.5825 0.164 0.173
1 0.3865 0.409 0.043 0.074
