0 0.27 0.739 0.084 0.05
0 0.02 0.785 0.04 0.046
0 0.4255 0.729 0.091 0.052
0 0.4115 0.838 0.075 0.058
0 0.3125 0.8585 0.087 0.059
0 0.2035 0.8795 0.093 0.059
0 0.0975 0.905 0.095 0.056
0 0.0185 0.911 0.037 0.048
0 0.752 0.7825 0.084 0.053
0 0.7735 0.952 0.053 0.092
0 0.841 0.7705 0.084 0.053
0 0.947 0.749 0.098 0.052
0 0.9865 0.918 0.025 0.106
0 0.9385 0.6265 0.103 0.057
1 0.1675 0.7075 0.139 0.189
1 0.3895 0.6655 0.087 0.151
1 0.32 0.909 0.102 0.13
1 0.0775 0.944 0.099 0.096
1 0.652 0.849 0.122 0.148
1 0.6105 0.6235 0.079 0.139
1 0.749 0.499 0.206 0.206
1 0.9495 0.573 0.099 0.136
1 0.8665 0.816 0.101 0.132
