0 0.176 0.537 0.044 0.078
0 0.227 0.534 0.046 0.096
0 0.2185 0.1945 0.047 0.095
0 0.301 0.056 0.046 0.094
0 0.357 0.0605 0.042 0.093
0 0.452 0.049 0.05 0.092
0 0.501 0.039 0.042 0.074
0 0.548 0.0365 0.048 0.067
0 0.5985 0.0335 0.045 0.067
0 0.6465 0.027 0.045 0.054
0 0.52 0.1505 0.048 0.107
0 0.5685 0.146 0.047 0.086
0 0.6215 0.1345 0.043 0.097
0 0.67 0.1345 0.042 0.075
0 0.719 0.123 0.048 0.086
0 0.7665 0.112 0.043 0.1
0 0.8135 0.0945 0.047 0.089
0 0.9185 0.083 0.045 0.094
0 0.9665 0.0755 0.047 0.081
0 0.358 0.395 0.046 0.1
0 0.37 0.512 0.042 0.092
0 0.419 0.501 0.05 0.1
0 0.4715 0.495 0.045 0.094
0 0.558 0.3615 0.042 0.079
0 0.5655 0.4835 0.047 0.089
0 0.618 0.4675 0.046 0.093
0 0.608 0.3525 0.044 0.079
0 0.6555 0.349 0.045 0.092
0 0.7085 0.3365 0.045 0.099
0 0.7555 0.329 0.043 0.09
0 0.8 0.3255 0.046 0.103
0 0.673 0.466 0.046 0.09
0 0.719 0.4495 0.04 0.079
0 0.7755 0.4515 0.047 0.099
0 0.87 0.432 0.044 0.086
0 0.934 0.6225 0.044 0.099
0 0.838 0.6505 0.048 0.097
0 0.7865 0.6575 0.047 0.101
0 0.6325 0.681 0.049 0.094
0 0.4925 0.7095 0.045 0.093
0 0.397 0.727 0.044 0.104
1 0.091 0.165 0.182 0.206
1 0.1235 0.418 0.247 0.304
1 0.281 0.8155 0.33 0.323
1 0.9205 0.3175 0.157 0.305
