0 0.0945 0.525 0.037 0.088
0 0.1415 0.0965 0.065 0.109
0 0.1865 0.0805 0.057 0.103
0 0.2225 0.062 0.065 0.09
0 0.274 0.0425 0.062 0.079
0 0.5195 0.6175 0.055 0.079
0 0.579 0.6285 0.052 0.099
0 0.6645 0.623 0.043 0.1
0 0.778 0.61 0.048 0.1
0 0.921 0.6205 0.03 0.079
1 0.2565 0.1385 0.173 0.235
1 0.3155 0.6295 0.207 0.233
0 0.1305 0.665 0.053 0.092
0 0.2095 0.6795 0.085 0.061
0 0.899 0.805 0.052 0.112
0 0.9885 0.8145 0.021 0.101
1 0.799 0.252 0.122 0.15
1 0.882 0.3745 0.234 0.237
1 0.9565 0.201 0.085 0.13
1 0.5165 0.4335 0.189 0.243
