0 0.2715 0.276 0.071 0.09
0 0.318 0.4115 0.074 0.091
0 0.647 0.6305 0.072 0.091
0 0.675 0.699 0.078 0.088
0 0.5515 0.8845 0.069 0.095
0 0.749 0.4875 0.072 0.091
0 0.832 0.4655 0.072 0.089
0 0.8215 0.382 0.063 0.086
0 0.8855 0.2695 0.069 0.091
0 0.959 0.168 0.074 0.094
0 0.03 0.0395 0.06 0.079
1 0.097 0.79 0.136 0.194
1 0.1845 0.615 0.093 0.14
1 0.283 0.5165 0.116 0.119
1 0.3955 0.2885 0.123 0.141
1 0.5535 0.1235 0.119 0.147
1 0.9775 0.311 0.043 0.156
1 0.884 0.49 0.102 0.142
1 0.615 0.873 0.202 0.214
1 0.032 0.9205 0.064 0.131
