0 0.4745 0.0725 0.083 0.079
0 0.3825 0.142 0.075 0.088
0 0.288 0.224 0.082 0.078
0 0.1755 0.2555 0.069 0.069
0 0.148 0.1935 0.072 0.073
0 0.0705 0.174 0.075 0.072
0 0.0525 0.282 0.083 0.08
0 0.1115 0.366 0.079 0.084
0 0.0275 0.4555 0.055 0.075
0 0.1445 0.829 0.079 0.07
0 0.225 0.129 0.082 0.086
0 0.2675 0.0235 0.065 0.047
0 0.3415 0.038 0.091 0.064
0 0.6855 0.7445 0.085 0.057
0 0.585 0.7705 0.092 0.065
0 0.4845 0.805 0.091 0.07
0 0.392 0.917 0.106 0.066
0 0.2735 0.9815 0.087 0.033
0 0.965 0.7385 0.068 0.091
1 0.4195 0.354 0.189 0.206
1 0.6565 0.1455 0.267 0.221
1 0.933 0.4625 0.132 0.253
0 0.834 0.533 0.04 0.104
0 0.8785 0.505 0.043 0.124
0 0.6515 0.5755 0.049 0.101
0 0.733 0.538 0.052 0.102
1 0.776 0.525 0.14 0.254
1 0.6225 0.5755 0.129 0.189
1 0.4115 0.693 0.129 0.176
0 0.4025 0.6755 0.031 0.087
1 0.0395 0.907 0.079 0.174
