0 0.313 0.0965 0.06 0.103
0 0.455 0.432 0.05 0.092
0 0.4145 0.8635 0.075 0.085
0 0.2905 0.981 0.097 0.034
0 0.093 0.9815 0.08 0.033
0 0.8415 0.0245 0.039 0.045
0 0.863 0.113 0.046 0.092
0 0.881 0.229 0.054 0.104
0 0.92 0.4075 0.05 0.111
0 0.9535 0.5255 0.053 0.095
0 0.965 0.6195 0.042 0.075
0 0.985 0.697 0.028 0.068
1 0.7035 0.104 0.137 0.124
1 0.738 0.2785 0.096 0.145
1 0.7575 0.4295 0.105 0.109
1 0.809 0.573 0.136 0.174
1 0.896 0.9475 0.124 0.083
1 0.1495 0.816 0.135 0.116
1 0.6135 0.7215 0.095 0.133
1 0.572 0.5665 0.064 0.095
1 0.652 0.915 0.072 0.112
