0 0.0875 0.1355 0.085 0.053
0 0.187 0.125 0.098 0.056
0 0.299 0.1 0.094 0.048
0 0.9365 0.466 0.079 0.06
0 0.929 0.5245 0.086 0.059
0 0.923 0.5715 0.094 0.041
0 0.9175 0.6265 0.085 0.055
0 0.9085 0.694 0.099 0.062
0 0.9085 0.7415 0.095 0.061
0 0.887 0.8715 0.098 0.061
0 0.8755 0.9275 0.091 0.069
0 0.871 0.9765 0.098 0.043
1 0.2875 0.8085 0.477 0.353
1 0.0785 0.093 0.067 0.114
1 0.2635 0.0825 0.115 0.101
1 0.4255 0.0415 0.095 0.071
1 0.893 0.4325 0.128 0.169
1 0.873 0.628 0.088 0.118
1 0.8125 0.786 0.097 0.134
1 0.8165 0.948 0.141 0.098
