0 0.036 0.199 0.048 0.086
0 0.1325 0.1795 0.051 0.101
0 0.153 0.4265 0.09 0.057
0 0.247 0.4075 0.088 0.053
0 0.1615 0.477 0.085 0.05
0 0.1735 0.5265 0.087 0.055
0 0.167 0.5765 0.084 0.057
0 0.1795 0.628 0.089 0.052
0 0.1795 0.67 0.083 0.048
0 0.198 0.7225 0.088 0.053
0 0.21 0.7735 0.086 0.059
0 0.349 0.975 0.04 0.046
0 0.269 0.5065 0.09 0.053
0 0.2695 0.559 0.089 0.05
0 0.268 0.609 0.09 0.05
0 0.285 0.6505 0.09 0.049
0 0.3015 0.6965 0.089 0.059
0 0.31 0.7535 0.092 0.055
0 0.489 0.429 0.09 0.05
0 0.501 0.481 0.088 0.048
0 0.511 0.537 0.09 0.052
0 0.5305 0.59 0.089 0.052
0 0.5405 0.65 0.089 0.05
0 0.5565 0.708 0.089 0.052
0 0.5645 0.7635 0.087 0.053
0 0.5795 0.8155 0.089 0.051
