0 0.433 0.448 0.098 0.054
0 0.5425 0.4245 0.087 0.047
0 0.632 0.4155 0.082 0.053
0 0.7705 0.385 0.077 0.05
0 0.858 0.3055 0.096 0.055
0 0.895 0.362 0.098 0.056
0 0.977 0.3435 0.044 0.051
1 0.535 0.547 0.274 0.214
1 0.6515 0.7455 0.197 0.183
1 0.8325 0.517 0.103 0.162
1 0.961 0.47 0.076 0.138
1 0.745 0.9515 0.224 0.091
1 0.4825 0.0945 0.077 0.123
1 0.3145 0.1135 0.079 0.109
1 0.126 0.139 0.074 0.094
1 0.6885 0.0515 0.085 0.099
1 0.6995 0.1605 0.075 0.121
1 0.845 0.0405 0.084 0.071
1 0.865 0.1595 0.086 0.125
