0 0.165 0.047 0.076 0.07
0 0.52 0.5905 0.058 0.083
0 0.556 0.552 0.06 0.076
0 0.6405 0.5075 0.065 0.095
0 0.692 0.487 0.066 0.094
0 0.639 0.7775 0.048 0.087
0 0.6605 0.891 0.051 0.088
0 0.7685 0.8535 0.047 0.097
0 0.6905 0.758 0.047 0.09
0 0.744 0.7445 0.05 0.097
0 0.7915 0.739 0.041 0.084
0 0.834 0.7195 0.054 0.099
0 0.9535 0.328 0.091 0.056
0 0.953 0.4235 0.092 0.069
0 0.942 0.537 0.114 0.072
0 0.964 0.5925 0.07 0.053
0 0.964 0.65 0.07 0.062
0 0.974 0.7075 0.05 0.053
0 0.982 0.767 0.034 0.052
0 0.2475 0.0115 0.053 0.019
