0 0.0455 0.481 0.043 0.088
0 0.0655 0.668 0.041 0.09
0 0.0075 0.037 0.015 0.074
0 0.263 0.0485 0.098 0.055
0 0.298 0.3555 0.082 0.051
0 0.3085 0.4075 0.095 0.053
0 0.3 0.5135 0.09 0.053
0 0.2965 0.56 0.079 0.042
0 0.542 0.357 0.09 0.048
0 0.6285 0.2025 0.079 0.055
0 0.628 0.148 0.082 0.042
0 0.62 0.62 0.042 0.082
0 0.72 0.607 0.04 0.094
0 0.7755 0.6045 0.041 0.095
0 0.8815 0.2785 0.093 0.055
0 0.8725 0.162 0.093 0.042
0 0.867 0.1205 0.092 0.053
0 0.8545 0.0225 0.077 0.039
1 0.552 0.684 0.134 0.16
1 0.889 0.593 0.108 0.134
1 0.032 0.8425 0.064 0.175
