0 0.534 0.3555 0.07 0.091
0 0.686 0.543 0.074 0.082
0 0.6065 0.7595 0.055 0.087
0 0.667 0.748 0.044 0.086
0 0.713 0.7435 0.044 0.093
0 0.7695 0.7315 0.049 0.083
0 0.822 0.7175 0.048 0.083
0 0.8815 0.7065 0.045 0.091
0 0.936 0.689 0.044 0.102
0 0.98 0.685 0.038 0.094
0 0.984 0.4545 0.03 0.077
0 0.9415 0.472 0.067 0.076
0 0.89 0.4795 0.072 0.075
0 0.839 0.4965 0.068 0.073
0 0.79 0.5035 0.07 0.079
0 0.735 0.5195 0.07 0.071
1 0.373 0.9015 0.202 0.161
1 0.5355 0.9255 0.053 0.109
1 0.6225 0.8895 0.063 0.121
1 0.7545 0.8745 0.101 0.121
1 0.9385 0.874 0.121 0.198
1 0.8335 0.333 0.101 0.188
1 0.96 0.292 0.078 0.152
