1 0.581 0.1325 0.16 0.113
1 0.0955 0.1845 0.191 0.333
1 0.0185 0.442 0.037 0.094
1 0.074 0.436 0.056 0.068
1 0.182 0.4365 0.05 0.081
1 0.2745 0.419 0.065 0.072
1 0.3565 0.3835 0.071 0.095
1 0.4505 0.366 0.079 0.088
1 0.5565 0.351 0.055 0.082
1 0.3875 0.19 0.171 0.21
1 0.6525 0.314 0.079 0.116
1 0.749 0.282 0.068 0.096
1 0.8505 0.271 0.051 0.1
1 0.946 0.258 0.054 0.098
1 0.972 0.4235 0.05 0.091
1 0.884 0.4475 0.074 0.103
1 0.788 0.4575 0.056 0.083
1 0.6885 0.491 0.073 0.098
1 0.581 0.5105 0.034 0.089
1 0.496 0.5265 0.032 0.081
1 0.4065 0.5535 0.031 0.061
1 0.3145 0.5675 0.041 0.063
1 0.2075 0.602 0.039 0.066
1 0.123 0.6145 0.062 0.067
1 0.0315 0.6195 0.055 0.087
1 0.3895 0.7565 0.229 0.191
