0 0.019 0.3015 0.038 0.041
0 0.0875 0.301 0.079 0.048
0 0.1845 0.295 0.087 0.046
0 0.309 0.2905 0.1 0.049
0 0.513 0.2765 0.096 0.053
0 0.6205 0.2495 0.099 0.067
0 0.627 0.393 0.068 0.044
0 0.6965 0.4415 0.069 0.091
0 0.6945 0.542 0.073 0.086
0 0.884 0.195 0.088 0.054
0 0.9655 0.175 0.067 0.056
0 0.987 0.3525 0.024 0.085
0 0.983 0.4505 0.032 0.091
0 0.9725 0.7035 0.053 0.055
0 0.8895 0.7035 0.085 0.039
0 0.7715 0.7035 0.081 0.043
0 0.6705 0.7045 0.087 0.041
0 0.5675 0.7045 0.083 0.041
0 0.4565 0.701 0.079 0.044
0 0.3505 0.702 0.081 0.042
0 0.2285 0.7005 0.089 0.045
0 0.083 0.7 0.082 0.038
0 0.09 0.5835 0.102 0.047
0 0.2205 0.576 0.083 0.038
0 0.3135 0.5775 0.087 0.041
0 0.432 0.581 0.078 0.036
0 0.54 0.5785 0.104 0.047
0 0.54 0.3935 0.076 0.039
0 0.456 0.399 0.074 0.044
0 0.3505 0.403 0.097 0.056
0 0.24 0.4105 0.076 0.035
0 0.13 0.421 0.086 0.044
0 0.0365 0.429 0.073 0.056
0 0.638 0.0255 0.044 0.051
1 0.48 0.506 0.144 0.21
1 0.3115 0.425 0.087 0.146
1 0.1755 0.466 0.133 0.218
1 0.0485 0.408 0.091 0.15
1 0.057 0.684 0.114 0.206
1 0.6825 0.066 0.143 0.128
1 0.867 0.0485 0.126 0.097
1 0.674 0.5115 0.034 0.055
