0 0.679 0.05 0.064 0.082
0 0.444 0.674 0.056 0.078
0 0.48 0.6405 0.06 0.083
0 0.521 0.603 0.06 0.08
0 0.57 0.578 0.06 0.076
0 0.6055 0.5485 0.061 0.083
0 0.6425 0.534 0.063 0.082
0 0.684 0.5105 0.064 0.081
0 0.7195 0.4825 0.065 0.087
0 0.7695 0.4585 0.069 0.085
0 0.807 0.4255 0.058 0.071
0 0.839 0.3975 0.06 0.091
0 0.552 0.817 0.062 0.09
0 0.6 0.7865 0.066 0.085
0 0.646 0.757 0.072 0.092
0 0.6875 0.734 0.061 0.07
0 0.724 0.7045 0.068 0.077
0 0.766 0.68 0.07 0.084
0 0.8065 0.6555 0.061 0.077
0 0.85 0.6355 0.068 0.093
0 0.8985 0.6025 0.059 0.083
0 0.938 0.5735 0.068 0.081
0 0.9755 0.5445 0.047 0.067
0 0.9245 0.7315 0.071 0.087
0 0.966 0.7075 0.066 0.077
0 0.9865 0.6525 0.025 0.059
0 0.631 0.968 0.074 0.06
0 0.571 0.9815 0.046 0.033
1 0.6035 0.291 0.161 0.132
1 0.929 0.382 0.14 0.18
1 0.872 0.1185 0.134 0.213
