0 0.2965 0.3055 0.081 0.049
0 0.1565 0.5595 0.087 0.059
0 0.097 0.6095 0.088 0.067
0 0.2425 0.6635 0.069 0.065
0 0.3355 0.618 0.081 0.052
0 0.361 0.703 0.074 0.062
0 0.471 0.66 0.076 0.056
0 0.4865 0.7305 0.073 0.061
0 0.589 0.6985 0.072 0.053
0 0.595 0.7715 0.08 0.051
0 0.7305 0.8075 0.093 0.059
0 0.7875 0.7555 0.103 0.065
0 0.8465 0.699 0.081 0.054
0 0.888 0.546 0.082 0.066
0 0.9605 0.7315 0.073 0.053
0 0.9105 0.7895 0.077 0.061
0 0.895 0.8585 0.082 0.053
0 0.903 0.085 0.052 0.088
0 0.95 0.0935 0.05 0.085
0 0.984 0.107 0.03 0.106
1 0.7975 0.15 0.221 0.284
1 0.9575 0.2945 0.065 0.123
1 0.4655 0.1445 0.127 0.137
1 0.1935 0.057 0.155 0.104
1 0.376 0.923 0.098 0.076
