0 0.013 0.879 0.026 0.088
0 0.0985 0.9015 0.049 0.079
0 0.146 0.919 0.044 0.09
0 0.2805 0.938 0.049 0.1
0 0.376 0.953 0.05 0.09
0 0.4785 0.9695 0.041 0.057
0 0.527 0.981 0.036 0.034
0 0.897 0.7625 0.094 0.045
0 0.8935 0.8215 0.083 0.049
0 0.92 0.661 0.084 0.042
0 0.974 0.425 0.05 0.058
0 0.982 0.3365 0.034 0.041
0 0.985 0.2755 0.028 0.043
0 0.12 0.6595 0.092 0.073
1 0.5155 0.792 0.093 0.152
1 0.2545 0.7215 0.101 0.193
1 0.435 0.9475 0.064 0.083
1 0.616 0.9145 0.076 0.153
1 0.8235 0.8915 0.131 0.115
1 0.852 0.7275 0.106 0.145
1 0.8895 0.569 0.123 0.094
1 0.9125 0.4105 0.069 0.159
1 0.9495 0.19 0.099 0.116
