0 0.3355 0.1345 0.051 0.103
0 0.484 0.17 0.052 0.104
0 0.669 0.2105 0.046 0.091
0 0.726 0.23 0.048 0.088
0 0.638 0.0225 0.076 0.045
0 0.869 0.0215 0.082 0.039
0 0.8935 0.2685 0.057 0.089
0 0.639 0.5635 0.08 0.053
0 0.608 0.658 0.098 0.058
0 0.598 0.708 0.09 0.048
0 0.5805 0.808 0.085 0.042
0 0.567 0.857 0.088 0.046
0 0.5395 0.984 0.089 0.028
1 0.2815 0.3805 0.283 0.283
1 0.2405 0.6365 0.167 0.201
1 0.065 0.8865 0.13 0.167
1 0.4045 0.782 0.107 0.182
1 0.273 0.9145 0.164 0.129
1 0.5185 0.439 0.099 0.182
1 0.7255 0.4515 0.191 0.225
