0 0.1545 0.4535 0.087 0.053
0 0.266 0.4835 0.082 0.065
0 0.0135 0.579 0.027 0.092
0 0.047 0.595 0.046 0.08
0 0.1 0.609 0.048 0.084
0 0.1515 0.6095 0.045 0.085
0 0.198 0.631 0.044 0.072
0 0.292 0.6595 0.052 0.087
0 0.3425 0.663 0.045 0.074
0 0.385 0.677 0.042 0.072
0 0.429 0.694 0.046 0.092
0 0.475 0.7155 0.052 0.093
0 0.5305 0.718 0.051 0.092
0 0.5755 0.733 0.041 0.074
0 0.621 0.74 0.048 0.088
0 0.6675 0.75 0.047 0.086
0 0.7115 0.773 0.047 0.088
0 0.781 0.773 0.068 0.072
0 0.955 0.9245 0.05 0.097
0 0.462 0.5305 0.084 0.053
0 0.564 0.5495 0.088 0.053
0 0.6565 0.569 0.071 0.058
0 0.746 0.591 0.078 0.05
