0 0.327 0.401 0.032 0.088
0 0.421 0.408 0.038 0.086
0 0.754 0.3985 0.042 0.099
0 0.662 0.1255 0.038 0.097
0 0.6585 0.0365 0.035 0.073
0 0.888 0.386 0.084 0.042
0 0.966 0.3835 0.066 0.041
0 0.9165 0.5045 0.081 0.047
0 0.989 0.501 0.02 0.048
0 0.678 0.507 0.046 0.188
0 0.677 0.649 0.04 0.076
0 0.6865 0.733 0.037 0.098
0 0.6865 0.836 0.039 0.098
0 0.693 0.943 0.036 0.086
0 0.0455 0.9735 0.035 0.049
0 0.007 0.9735 0.014 0.049
1 0.2125 0.2575 0.165 0.227
1 0.0525 0.463 0.105 0.214
1 0.035 0.154 0.07 0.168
1 0.5935 0.477 0.203 0.322
1 0.78 0.3035 0.136 0.189
1 0.7815 0.1065 0.119 0.195
1 0.7845 0.804 0.115 0.18
1 0.652 0.9425 0.094 0.099
1 0.545 0.218 0.12 0.136
1 0.5525 0.0705 0.111 0.123
