0 0.078 0.3415 0.098 0.053
0 0.0375 0.4585 0.075 0.049
0 0.143 0.4615 0.096 0.045
0 0.246 0.4575 0.084 0.053
0 0.343 0.451 0.082 0.054
0 0.357 0.3315 0.088 0.051
0 0.4435 0.445 0.089 0.048
0 0.4605 0.333 0.081 0.046
0 0.561 0.329 0.092 0.044
0 0.705 0.323 0.084 0.046
0 0.591 0.438 0.084 0.04
0 0.69 0.4345 0.098 0.047
0 0.8125 0.431 0.083 0.046
0 0.7995 0.318 0.087 0.036
0 0.901 0.316 0.1 0.054
0 0.9775 0.316 0.043 0.048
0 0.9755 0.4155 0.047 0.047
1 0.4325 0.322 0.073 0.094
1 0.1125 0.51 0.083 0.16
1 0.272 0.4805 0.054 0.105
1 0.954 0.444 0.09 0.146
