0 0.362 0.0545 0.042 0.103
0 0.469 0.118 0.04 0.094
0 0.4785 0.224 0.035 0.09
0 0.483 0.3265 0.032 0.091
0 0.3765 0.423 0.043 0.114
0 0.3795 0.528 0.045 0.084
0 0.3845 0.612 0.037 0.11
0 0.4905 0.5795 0.043 0.093
0 0.4845 0.4405 0.039 0.103
0 0.388 0.7285 0.04 0.099
0 0.494 0.673 0.042 0.094
0 0.498 0.773 0.04 0.112
0 0.3925 0.8365 0.039 0.087
0 0.3935 0.929 0.035 0.09
0 0.5065 0.965 0.037 0.066
1 0.5945 0.3245 0.125 0.147
1 0.4945 0.483 0.117 0.204
1 0.332 0.504 0.074 0.106
1 0.354 0.745 0.098 0.11
1 0.365 0.9015 0.088 0.115
1 0.331 0.1445 0.168 0.253
1 0.5585 0.0625 0.135 0.115
