0 0.282 0.0925 0.094 0.055
0 0.1685 0.0885 0.099 0.055
0 0.1985 0.0315 0.093 0.051
0 0.266 0.2015 0.092 0.045
0 0.165 0.1965 0.08 0.073
0 0.0645 0.186 0.069 0.096
0 0.4445 0.328 0.037 0.1
0 0.445 0.4145 0.042 0.097
0 0.452 0.5425 0.038 0.113
0 0.462 0.7015 0.036 0.089
0 0.4615 0.8035 0.041 0.097
0 0.462 0.8975 0.042 0.091
0 0.467 0.9765 0.042 0.043
0 0.574 0.8955 0.044 0.121
0 0.563 0.584 0.036 0.102
0 0.5575 0.485 0.035 0.086
0 0.551 0.3915 0.038 0.103
0 0.546 0.2855 0.04 0.089
0 0.5445 0.1785 0.039 0.091
0 0.541 0.0885 0.038 0.101
1 0.398 0.067 0.124 0.13
1 0.575 0.56 0.128 0.206
1 0.355 0.914 0.098 0.142
