0 0.057 0.821 0.1 0.05
0 0.0545 0.8695 0.095 0.053
0 0.3805 0.83 0.079 0.05
0 0.375 0.923 0.094 0.042
0 0.3175 0.688 0.035 0.112
0 0.272 0.69 0.038 0.112
0 0.17 0.672 0.058 0.112
0 0.531 0.056 0.1 0.048
0 0.6195 0.0695 0.057 0.039
0 0.81 0.0975 0.076 0.107
0 0.9135 0.1425 0.097 0.059
0 0.983 0.168 0.032 0.048
0 0.9545 0.016 0.089 0.032
0 0.315 0.015 0.08 0.03
1 0.4555 0.642 0.087 0.156
1 0.5475 0.534 0.077 0.158
1 0.505 0.882 0.112 0.09
1 0.142 0.6895 0.128 0.233
1 0.701 0.111 0.274 0.222
1 0.0485 0.043 0.097 0.074
1 0.648 0.9545 0.1 0.079
