0 0.615 0.038 0.036 0.07
0 0.7325 0.099 0.041 0.108
0 0.626 0.2655 0.044 0.087
0 0.6315 0.359 0.031 0.086
0 0.638 0.4595 0.044 0.097
0 0.6435 0.5775 0.039 0.095
0 0.6435 0.681 0.033 0.094
0 0.651 0.789 0.036 0.102
0 0.762 0.739 0.042 0.096
0 0.766 0.8425 0.042 0.115
0 0.755 0.52 0.034 0.086
0 0.751 0.4185 0.034 0.083
0 0.747 0.2625 0.034 0.075
1 0.534 0.6195 0.142 0.193
1 0.7725 0.58 0.111 0.15
1 0.862 0.347 0.12 0.322
1 0.844 0.083 0.078 0.094
1 0.0645 0.127 0.129 0.142
1 0.0295 0.7505 0.059 0.155
1 0.151 0.9355 0.078 0.123
