0 0.4545 0.2615 0.071 0.051
0 0.6085 0.276 0.083 0.074
0 0.6125 0.43 0.079 0.1
0 0.6975 0.4595 0.067 0.047
0 0.853 0.3405 0.078 0.045
0 0.845 0.487 0.078 0.06
0 0.964 0.465 0.07 0.086
0 0.3845 0.397 0.067 0.05
0 0.4665 0.3815 0.055 0.045
0 0.383 0.25 0.05 0.05
0 0.309 0.234 0.064 0.056
0 0.149 0.1995 0.082 0.045
0 0.032 0.1805 0.064 0.071
0 0.018 0.338 0.036 0.068
0 0.0935 0.3605 0.081 0.053
0 0.3545 0.8265 0.037 0.121
0 0.3635 0.944 0.041 0.096
0 0.3265 0.603 0.033 0.068
1 0.576 0.3855 0.236 0.357
1 0.231 0.4075 0.174 0.195
1 0.2095 0.2335 0.159 0.123
1 0.034 0.175 0.068 0.126
1 0.921 0.463 0.156 0.282
1 0.162 0.854 0.144 0.19
1 0.846 0.125 0.274 0.234
