0 0.0185 0.0485 0.037 0.051
0 0.023 0.1305 0.046 0.071
0 0.126 0.0445 0.084 0.089
0 0.303 0.375 0.062 0.082
0 0.344 0.352 0.068 0.074
0 0.2895 0.507 0.077 0.054
0 0.312 0.6055 0.076 0.041
0 0.254 0.6935 0.084 0.053
0 0.484 0.634 0.1 0.072
0 0.5155 0.58 0.089 0.056
0 0.521 0.522 0.074 0.064
0 0.543 0.4205 0.082 0.061
0 0.639 0.3485 0.048 0.095
0 0.689 0.3645 0.06 0.093
0 0.646 0.445 0.076 0.042
0 0.634 0.497 0.09 0.056
0 0.626 0.552 0.09 0.052
0 0.61 0.6005 0.096 0.049
0 0.6065 0.6525 0.079 0.053
0 0.5945 0.8155 0.077 0.063
0 0.801 0.679 0.094 0.082
0 0.838 0.524 0.088 0.08
0 0.8455 0.4525 0.087 0.073
0 0.8685 0.3825 0.089 0.079
0 0.81 0.3255 0.054 0.085
0 0.9125 0.2025 0.093 0.055
0 0.9475 0.1325 0.083 0.053
0 0.909 0.069 0.082 0.092
0 0.2715 0.975 0.087 0.044
0 0.3745 0.987 0.063 0.022
0 0.127 0.9405 0.098 0.059
0 0.0185 0.9185 0.037 0.039
0 0.035 0.9825 0.07 0.031
0 0.4465 0.249 0.071 0.068
0 0.48 0.211 0.064 0.072
0 0.5285 0.183 0.067 0.078
0 0.6245 0.0845 0.073 0.079
0 0.669 0.0565 0.076 0.089
1 0.265 0.4455 0.08 0.125
1 0.2225 0.58 0.123 0.108
1 0.21 0.742 0.082 0.132
1 0.3145 0.8305 0.073 0.169
1 0.452 0.8605 0.092 0.171
1 0.6175 0.887 0.117 0.174
1 0.507 0.155 0.152 0.158
1 0.6825 0.0775 0.177 0.127
1 0.8875 0.2795 0.113 0.121
